(8352, 8256)
(8448, 8352)
(11936, 11840)
(11968, 11872)
(12224, 12127)
(12448, 12352)
(12576, 12480)
(12640, 12544)
(12704, 12608)
(12800, 12704)
(12864, 12768)
(12928, 12832)
(13024, 12928)
(13120, 13024)
(13184, 13088)
(13216, 13120)
(13248, 13152)
(13280, 13184)
(13344, 13248)
(13376, 13280)
(13408, 13312)
(13440, 13344)
(13472, 13376)
(13504, 13408)
(13536, 13440)
(13568, 13472)
(13600, 13504)
(13696, 13600)
(13728, 13631)
(13888, 13792)
(13920, 13824)
(13952, 13856)
(14112, 14015)
(14176, 14080)
(14240, 14144)
(14272, 14176)
(14336, 14240)
(14400, 14304)
(14432, 14336)
(14496, 14400)
(14528, 14432)
(14560, 14464)
(14592, 14496)
(14624, 14528)
(14752, 14655)
(15200, 15104)
(15232, 15136)
(15296, 15200)
(15328, 15232)
(15488, 15392)
(15520, 15423)
(15552, 15456)
(15648, 15552)
(15680, 15583)
(15712, 15616)
(15744, 15648)
(15776, 15680)
(15808, 15712)
(15936, 15839)
(15968, 15871)
(16064, 15968)
(16096, 15999)
(16128, 16032)
(16160, 16064)
(16192, 16096)
(16224, 16128)
(16256, 16160)
(16320, 16224)
(16352, 16256)
(16416, 16320)
(16480, 16384)
(16512, 16416)
(16544, 16448)
(16576, 16480)
(16608, 16512)
(16640, 16544)
(16672, 16576)
(16704, 16608)
(16768, 16672)
(16864, 16768)
(16896, 16799)
(16928, 16832)
(16960, 16864)
(17056, 16960)
(17088, 16991)
(17120, 17024)
(17152, 17056)
(17184, 17088)
(17216, 17120)
(17536, 17439)
(17664, 17567)
(17696, 17600)
(17760, 17664)
(17856, 17760)
(17888, 17791)
(17984, 17888)
(18080, 17984)
(18112, 18016)
(18208, 18112)
(18240, 18143)
(18272, 18176)
(18336, 18240)
(18368, 18272)
(18400, 18304)
(18432, 18336)
(18464, 18368)
(18560, 18464)
(18624, 18528)
(18656, 18560)
(18688, 18592)
(18720, 18624)
(18752, 18656)
(18784, 18688)
(18816, 18720)
(19008, 18912)
(19040, 18943)
(19072, 18976)
(19104, 19008)
(19136, 19040)
(19168, 19072)
(19200, 19104)
(19232, 19136)
(19264, 19168)
(19296, 19200)
(19328, 19232)
(19360, 19264)
(19392, 19296)
(19424, 19328)
(19456, 19360)
(19488, 19392)
(19520, 19424)
(19712, 19616)
(19744, 19647)
(19776, 19680)
(19808, 19712)
(19840, 19744)
(19872, 19776)
(19904, 19808)
(19936, 19840)
(19968, 19872)
(20064, 19968)
(20160, 20064)
(20192, 20095)
(20224, 20128)
(20256, 20160)
(20320, 20224)
(20352, 20256)
(20480, 20383)
(20512, 20416)
(20544, 20448)
(20576, 20480)
(20672, 20576)
(20704, 20607)
(20736, 20640)
(20768, 20672)
(20864, 20768)
(20896, 20799)
(20928, 20832)
(20960, 20864)
(20992, 20896)
(21024, 20928)
(21056, 20960)
(21152, 21056)
(21184, 21087)
(21216, 21120)
(21248, 21152)
(21280, 21184)
(21312, 21216)
(21344, 21248)
(21440, 21344)
(21472, 21375)
(21504, 21408)
(21568, 21472)
(21664, 21568)
(21696, 21599)
(21728, 21632)
(21760, 21664)
(21792, 21696)
(21824, 21728)
(21856, 21760)
(21888, 21792)
(21920, 21824)
(21952, 21856)
(21984, 21888)
(22016, 21920)
(22048, 21952)
(22080, 21984)
(22112, 22016)
(22144, 22048)
(22176, 22080)
(22208, 22112)
(22240, 22144)
(22272, 22176)
(22304, 22208)
(22336, 22240)
(22368, 22272)
(22400, 22304)
(22464, 22368)
(22560, 22464)
(22592, 22495)
(22624, 22528)
(22656, 22560)
(22688, 22592)
(22784, 22688)
(22816, 22719)
(22848, 22752)
(22944, 22848)
(22976, 22879)
(23008, 22912)
(23040, 22944)
(23072, 22976)
(23168, 23072)
(23200, 23103)
(23232, 23136)
(23264, 23168)
(23296, 23200)
(23328, 23232)
(23424, 23328)
(23456, 23359)
(23488, 23392)
(23520, 23424)
(23584, 23488)
(23616, 23520)
(23776, 23680)
(23808, 23711)
(23840, 23744)
(23872, 23776)
(24000, 23903)
(24032, 23935)
(24128, 24032)
(24160, 24063)
(24192, 24096)
(24224, 24128)
(24256, 24160)
(24288, 24192)
(24320, 24224)
(24352, 24256)
(24384, 24288)
(24416, 24320)
(24448, 24352)
(24480, 24384)
(24512, 24416)
(24544, 24448)
(24576, 24480)
(24608, 24512)
(24640, 24544)
(24672, 24576)
(24704, 24608)
(24736, 24640)
(24768, 24672)
(24800, 24704)
(24832, 24736)
(24864, 24768)
(24896, 24800)
(24928, 24832)
(24960, 24864)
(24992, 24896)
(25056, 24960)
(25088, 24992)
(25120, 25024)
(25152, 25056)
(25184, 25088)
(25248, 25152)
(25280, 25184)
(25312, 25216)
(25376, 25280)
(25408, 25312)
(25440, 25344)
(25472, 25376)
(25504, 25408)
(25536, 25440)
(25632, 25536)
(25664, 25567)
(25696, 25600)
(25728, 25632)
(25760, 25664)
(25792, 25696)
(25824, 25728)
(25856, 25760)
(25888, 25792)
(25920, 25824)
(25952, 25856)
(25984, 25888)
(26016, 25920)
(26112, 26016)
(26144, 26048)
(26176, 26080)
(26208, 26112)
(26240, 26144)
(26272, 26176)
(26304, 26208)
(26336, 26240)
(26432, 26336)
(26464, 26367)
(26560, 26464)
(26720, 26624)
(26752, 26655)
(26784, 26688)
(26816, 26720)
(26848, 26752)
(26880, 26784)
(26912, 26816)
(26944, 26848)
(26976, 26880)
(27008, 26912)
(27104, 27008)
(27136, 27039)
(27168, 27072)
(27200, 27104)
(27232, 27136)
(27264, 27168)
(27296, 27200)
(27328, 27232)
(27360, 27264)
(27392, 27296)
(27424, 27328)
(27456, 27360)
(27488, 27392)
(27520, 27424)
(27552, 27456)
(27584, 27488)
(27616, 27520)
(27648, 27552)
(27680, 27584)
(27712, 27616)
(27744, 27648)
(27776, 27680)
(27840, 27744)
(27872, 27776)
(27904, 27808)
(27936, 27840)
(28128, 28032)
(28160, 28063)
(28192, 28096)
(28224, 28128)
(28256, 28160)
(28288, 28192)
(28352, 28256)
(28448, 28352)
(28480, 28383)
(28512, 28416)
(28544, 28448)
(28576, 28480)
(28608, 28512)
(28704, 28608)
(28736, 28639)
(28832, 28736)
(28864, 28767)
(28896, 28800)
(28928, 28832)
(28960, 28864)
(28992, 28896)
(29024, 28928)
(29056, 28960)
(29088, 28992)
(29120, 29024)
(29152, 29056)
(29184, 29088)
(29216, 29120)
(29248, 29152)
(29280, 29184)
(29312, 29216)
(29344, 29248)
(29376, 29280)
(29408, 29312)
(29440, 29344)
(29472, 29376)
(29504, 29408)
(29536, 29440)
(29568, 29472)
(29600, 29504)
(29664, 29568)
(29696, 29600)
(29728, 29632)
(29760, 29664)
(29792, 29696)
(29824, 29728)
(29856, 29760)
(29888, 29792)
(29920, 29824)
(30016, 29920)
(30048, 29951)
(30080, 29984)
(30112, 30016)
(30144, 30048)
(30176, 30080)
(30208, 30112)
(30240, 30144)
(30272, 30176)
(30304, 30208)
(30336, 30240)
(30368, 30272)
(30400, 30304)
(30496, 30400)
(30560, 30464)
(30592, 30496)
(30624, 30528)
(30688, 30592)
(30784, 30688)
(30816, 30719)
(30848, 30752)
(30880, 30784)
(30912, 30816)
(30944, 30848)
(31104, 31008)
(31136, 31039)
(31168, 31072)
(31200, 31104)
(31232, 31136)
(31264, 31168)
(31328, 31232)
(31360, 31264)
(31392, 31296)
(31424, 31328)
(31456, 31360)
(31488, 31392)
(31584, 31488)
(31616, 31519)
(31648, 31552)
(31744, 31648)
(31776, 31679)
(31808, 31712)
(31840, 31744)
(31936, 31840)
(31968, 31871)
(32000, 31904)
