(0, 1, 0.0)
(1, 2, 0.0)
(2, 3, 0.0)
(3, 4, 0.0)
(4, 5, 0.0)
(5, 6, 0.0)
(6, 7, 0.0)
(7, 8, 0.0)
(8, 9, 0.0)
(9, 10, 0.0)
(10, 11, 0.0)
(11, 12, 0.0)
(12, 13, 0.0)
(13, 14, 0.0)
(14, 15, 0.0)
(15, 16, 0.0)
(16, 17, 0.0)
(17, 18, 0.0)
(18, 19, 0.0)
(19, 20, 0.0)
(20, 21, 0.0)
(21, 22, 0.0)
(22, 23, 0.0)
(23, 24, 0.0)
(24, 25, 0.0)
(25, 26, 0.0)
(26, 27, 0.0)
(27, 28, 0.0)
(28, 29, 0.0)
(29, 30, 0.0)
(30, 31, 0.0)
(31, 32, 0.0)
(32, 33, 0.0)
(33, 34, 0.0)
(34, 35, 0.0)
(35, 36, 0.0)
(36, 37, 0.0)
(37, 38, 0.0)
(38, 39, 0.0)
(39, 40, 0.0)
(40, 41, 0.0)
(41, 42, 0.0)
(42, 43, 0.0)
(43, 44, 0.0)
(44, 45, 0.0)
(45, 46, 0.0)
(46, 47, 0.0)
(47, 48, 0.0)
(48, 49, 0.0)
(49, 50, 0.0)
(50, 51, 0.0)
(51, 52, 0.0)
(52, 53, 0.0)
(53, 54, 0.0)
(54, 55, 0.0)
(55, 56, 0.0)
(56, 57, 0.0)
(57, 58, 0.0)
(58, 59, 0.0)
(59, 60, 0.0)
(60, 61, 0.0)
(61, 62, 0.0)
(62, 63, 0.0)
(63, 64, 0.0)
(64, 65, 0.0)
(65, 66, 0.0)
(66, 67, 0.0)
(67, 68, 0.0)
(68, 69, 0.0)
(69, 70, 0.0)
(70, 71, 0.0)
(71, 72, 0.0)
(72, 73, 0.0)
(73, 74, 0.0)
(74, 75, 0.0)
(75, 76, 0.0)
(76, 77, 0.0)
(77, 78, 0.0)
(78, 79, 0.0)
(79, 80, 0.0)
(80, 81, 0.0)
(81, 82, 0.0)
(82, 83, 0.0)
(83, 84, 0.0)
(84, 85, 0.0)
(85, 86, 0.0)
(86, 87, 0.02761273960257694)
(87, 88, 0.05865469524575888)
(88, 89, 0.08987366204064308)
(89, 90, 0.12110362952857093)
(90, 91, 0.15233659720551068)
(91, 92, 0.1835705649454544)
(92, 93, 0.21480453268539812)
(93, 94, 0.24603850042534184)
(94, 95, 0.27727246816528556)
(95, 96, 0.3085064359052293)
(96, 97, 0.339740403645173)
(97, 98, 0.3709753714481207)
(98, 99, 0.4022103392510684)
(99, 100, 0.4334453070540161)
(100, 101, 0.46468027485696384)
(101, 102, 0.49591524265991155)
(102, 103, 0.5271502104628593)
(103, 104, 0.5583851782658069)
(104, 105, 0.5896201460687546)
(105, 106, 0.6208551138717022)
(106, 107, 0.6520900816746499)
(107, 108, 0.6833250494775975)
(108, 109, 0.7145600172805452)
(109, 110, 0.7457949850834928)
(110, 111, 0.7770299528864405)
(111, 112, 0.8082649206893882)
(112, 113, 0.8394998884923358)
(113, 114, 0.8707348562952835)
(114, 115, 0.9019698240982311)
(115, 116, 0.9332047919011788)
(116, 117, 0.9644397597041264)
(117, 118, 0.9956747275070741)
(118, 119, 0.9992899552664231)
(119, 120, 0.9994959682452407)
(120, 121, 0.9995109691903002)
(121, 122, 0.999516969568324)
(122, 123, 0.9995209698203399)
(123, 124, 0.9995239700093518)
(124, 125, 0.9995269701983637)
(125, 126, 0.9995299703873756)
(126, 127, 0.9995329705763875)
(127, 128, 0.9995359707653994)
(128, 129, 0.9995389709544112)
(129, 130, 0.9995409710804192)
(130, 131, 0.9995429712064271)
(131, 132, 0.999544971332435)
(132, 133, 0.999546971458443)
(133, 134, 0.9995489715844509)
(134, 135, 0.9995509717104588)
(135, 136, 0.9995529718364667)
(136, 137, 0.9995549719624747)
(137, 138, 0.9995569720884826)
(138, 139, 0.9995589722144905)
(139, 140, 0.9995609723404985)
(140, 141, 0.9995629724665064)
(141, 142, 0.9995649725925143)
(142, 143, 0.9995669727185222)
(143, 144, 0.9995689728445302)
(144, 145, 0.9995709729705381)
(145, 146, 0.999572973096546)
(146, 147, 0.999574973222554)
(147, 148, 0.9995769733485619)
(148, 149, 0.9995789734745698)
(149, 150, 0.9995809736005777)
(150, 151, 0.9995829737265857)
(151, 152, 0.9995849738525936)
(152, 153, 0.9995879740416055)
(153, 154, 0.9995909742306174)
(154, 155, 0.9995939744196293)
(155, 156, 0.9995969746086412)
(156, 157, 0.9995999747976531)
(157, 158, 0.999602974986665)
(158, 159, 0.9996059751756768)
(159, 160, 0.9996089753646887)
(160, 161, 0.9996119755537006)
(161, 162, 0.9996149757427125)
(162, 163, 0.9996179759317244)
(163, 164, 0.9996209761207363)
(164, 165, 0.9996239763097482)
(165, 166, 0.9996269764987601)
(166, 167, 0.999629976687772)
(167, 168, 0.9996329768767839)
(168, 169, 0.9996359770657958)
(169, 170, 0.9996389772548077)
(170, 171, 0.9996419774438196)
(171, 172, 0.9996449776328314)
(172, 173, 0.9996479778218433)
(173, 174, 0.9996509780108552)
(174, 175, 0.9996539781998671)
(175, 176, 0.999656978388879)
(176, 177, 0.9996599785778909)
(177, 178, 0.9996629787669028)
(178, 179, 0.9996659789559147)
(179, 180, 0.9996689791449266)
(180, 181, 0.9996719793339385)
(181, 182, 0.9996749795229504)
(182, 183, 0.9996779797119623)
(183, 184, 0.9996809799009742)
(184, 185, 0.9996829800269821)
(185, 186, 0.99968498015299)
(186, 187, 0.9996869802789979)
(187, 188, 0.9996889804050059)
(188, 189, 0.9996909805310138)
(189, 190, 0.9996929806570217)
(190, 191, 0.9996949807830297)
(191, 192, 0.9996969809090376)
(192, 193, 0.9996989810350455)
(193, 194, 0.9997009811610534)
(194, 195, 0.9997029812870614)
(195, 196, 0.9997049814130693)
(196, 197, 0.9997069815390772)
(197, 198, 0.9997089816650852)
(198, 199, 0.9997109817910931)
(199, 200, 0.999712981917101)
(200, 201, 0.9997149820431089)
(201, 202, 0.9997169821691169)
(202, 203, 0.9997189822951248)
(203, 204, 0.9997209824211327)
(204, 205, 0.9997229825471406)
(205, 206, 0.9997249826731486)
(206, 207, 0.9997269827991565)
(207, 208, 0.9997289829251644)
(208, 209, 0.9997309830511724)
(209, 210, 0.9997329831771803)
(210, 211, 0.9997349833031882)
(211, 212, 0.9997369834291961)
(212, 213, 0.9997389835552041)
(213, 214, 0.999740983681212)
(214, 215, 0.999741983744216)
(215, 216, 0.9997429838072199)
(216, 217, 0.9997439838702239)
(217, 218, 0.9997449839332279)
(218, 219, 0.9997459839962318)
(219, 220, 0.9997469840592358)
(220, 221, 0.9997479841222398)
(221, 222, 0.9997489841852437)
(222, 223, 0.9997499842482477)
(223, 224, 0.9997509843112516)
(224, 225, 0.9997519843742556)
(225, 226, 0.9997529844372596)
(226, 227, 0.9997539845002635)
(227, 228, 0.9997549845632675)
(228, 229, 0.9997559846262715)
(229, 230, 0.9997569846892754)
(230, 231, 0.9997579847522794)
(231, 232, 0.9997589848152834)
(232, 233, 0.9997599848782873)
(233, 234, 0.9997609849412913)
(234, 235, 0.9997619850042953)
(235, 236, 0.9997629850672992)
(236, 237, 0.9997639851303032)
(237, 238, 0.9997649851933071)
(238, 239, 0.9997659852563111)
(239, 240, 0.9997669853193151)
(240, 241, 0.999767985382319)
(241, 242, 0.999768985445323)
(242, 243, 0.999769985508327)
(243, 244, 0.9997709855713309)
(244, 245, 0.9997719856343349)
(245, 246, 0.9997729856973389)
(246, 247, 0.9997739857603428)
(247, 248, 0.9997749858233468)
(248, 249, 0.9997759858863507)
(249, 250, 0.9997769859493547)
(250, 251, 0.9997779860123587)
(251, 252, 0.9997789860753626)
(252, 253, 0.9997799861383666)
(253, 254, 0.9997809862013706)
(254, 255, 0.9997819862643745)
(255, 256, 0.9997829863273785)
(256, 257, 0.9997839863903825)
(257, 258, 0.9997849864533864)
(258, 259, 0.9997859865163904)
(259, 260, 0.9997869865793944)
(260, 261, 0.9997879866423983)
(261, 262, 0.9997889867054023)
(262, 263, 0.9997899867684062)
(263, 264, 0.9997909868314102)
(264, 265, 0.9997919868944142)
(265, 266, 0.9997929869574181)
(266, 267, 0.9997939870204221)
(267, 268, 0.9997949870834261)
(268, 269, 0.99979598714643)
(269, 270, 0.999796987209434)
(270, 271, 0.999797987272438)
(271, 272, 0.9997989873354419)
(272, 273, 0.9997999873984459)
(273, 274, 0.9998009874614499)
(274, 275, 0.9998019875244538)
(275, 276, 0.9998029875874578)
(276, 277, 0.9998039876504617)
(277, 278, 0.9998049877134657)
(278, 279, 0.9998059877764697)
(279, 280, 0.9998069878394736)
(280, 281, 0.9998079879024776)
(281, 282, 0.9998089879654816)
(282, 283, 0.9998099880284855)
(283, 284, 0.9998109880914895)
(284, 285, 0.9998119881544935)
(285, 286, 0.9998129882174974)
(286, 287, 0.9998139882805014)
(287, 288, 0.9998149883435054)
(288, 289, 0.9998159884065093)
(289, 290, 0.9998169884695133)
(290, 291, 0.9998179885325172)
(291, 292, 0.9998189885955212)
(292, 293, 0.9998199886585252)
(293, 294, 0.9998209887215291)
(294, 295, 0.9998219887845331)
(295, 296, 0.9998229888475371)
(296, 297, 0.999823988910541)
(297, 298, 0.999824988973545)
(298, 299, 0.999825989036549)
(299, 300, 0.9998269890995529)
(300, 301, 0.9998279891625569)
(301, 302, 0.9998289892255608)
(302, 303, 0.9998299892885648)
(303, 304, 0.9998309893515688)
(304, 305, 0.9998319894145727)
(305, 306, 0.9998329894775767)
(306, 307, 0.9998339895405807)
(307, 308, 0.9998349896035846)
(308, 309, 0.9998359896665886)
(309, 310, 0.9998369897295926)
(310, 311, 0.9998379897925965)
(311, 312, 0.9998389898556005)
(312, 313, 0.9998399899186045)
(313, 314, 0.9998409899816084)
(314, 315, 0.9998419900446124)
(315, 316, 0.9998429901076163)
(316, 317, 0.9998439901706203)
(317, 318, 0.9998449902336243)
(318, 319, 0.9998459902966282)
(319, 320, 0.9998469903596322)
(320, 321, 0.9998479904226362)
(321, 322, 0.9998489904856401)
(322, 323, 0.9998499905486441)
(323, 324, 0.9998509906116481)
(324, 325, 0.999851990674652)
(325, 326, 0.999852990737656)
(326, 327, 0.99985399080066)
(327, 328, 0.9998549908636639)
(328, 329, 0.9998559909266679)
(329, 330, 0.9998569909896718)
(330, 331, 0.9998579910526758)
(331, 332, 0.9998589911156798)
(332, 333, 0.9998599911786837)
(333, 334, 0.9998609912416877)
(334, 335, 0.9998619913046917)
(335, 336, 0.9998629913676956)
(336, 337, 0.9998639914306996)
(337, 338, 0.9998649914937036)
(338, 339, 0.9998659915567075)
(339, 340, 0.9998669916197115)
(340, 341, 0.9998679916827155)
(341, 342, 0.9998689917457194)
(342, 343, 0.9998699918087234)
(343, 344, 0.9998709918717273)
(344, 345, 0.9998719919347313)
(345, 346, 0.9998729919977353)
(346, 347, 0.9998739920607392)
(347, 348, 0.9998749921237432)
(348, 349, 0.9998759921867472)
(349, 350, 0.9998769922497511)
(350, 351, 0.9998779923127551)
(351, 352, 0.9998789923757591)
(352, 353, 0.999879992438763)
(353, 354, 0.999880992501767)
(354, 355, 0.999881992564771)
(355, 356, 0.9998829926277749)
(356, 357, 0.9998839926907789)
(357, 358, 0.9998849927537828)
(358, 359, 0.9998859928167868)
(359, 360, 0.9998869928797908)
(360, 361, 0.9998879929427947)
(361, 362, 0.9998889930057987)
(362, 363, 0.9998899930688027)
(363, 364, 0.9998909931318066)
(364, 365, 0.9998919931948106)
(365, 366, 0.9998929932578146)
(366, 367, 0.9998939933208185)
(367, 368, 0.9998949933838225)
(368, 369, 0.9998959934468264)
(369, 370, 0.9998969935098304)
(370, 371, 0.9998979935728344)
(371, 372, 0.9998989936358383)
(372, 373, 0.9998999936988423)
(373, 374, 0.9999009937618463)
(374, 375, 0.9999019938248502)
(375, 376, 0.9999029938878542)
(376, 377, 0.9999039939508582)
(377, 378, 0.9999049940138621)
(378, 379, 0.9999059940768661)
(379, 380, 0.999907994202874)
(380, 381, 0.999909994328882)
(381, 382, 0.9999119944548899)
(382, 383, 0.9999139945808978)
(383, 384, 0.9999159947069057)
(384, 385, 0.9999179948329137)
(385, 386, 0.9999199949589216)
(386, 387, 0.9999219950849295)
(387, 388, 0.9999239952109374)
(388, 389, 0.9999259953369454)
(389, 390, 0.9999279954629533)
(390, 391, 0.9999299955889612)
(391, 392, 0.9999319957149692)
(392, 393, 0.9999339958409771)
(393, 394, 0.999935995966985)
(394, 395, 0.9999379960929929)
(395, 396, 0.9999399962190009)
(396, 397, 0.9999419963450088)
(397, 398, 0.9999439964710167)
(398, 399, 0.9999459965970247)
(399, 400, 0.9999479967230326)
(400, 401, 0.9999499968490405)
(401, 402, 0.9999519969750484)
(402, 403, 0.9999539971010564)
(403, 404, 0.9999559972270643)
(404, 405, 0.9999579973530722)
(405, 406, 0.9999599974790802)
(406, 407, 0.9999619976050881)
(407, 408, 0.999963997731096)
(408, 409, 0.9999659978571039)
(409, 410, 0.9999679979831119)
(410, 411, 0.9999699981091198)
(411, 412, 0.9999709981721238)
(412, 413, 0.9999719982351277)
(413, 414, 0.9999729982981317)
(414, 415, 0.9999739983611357)
(415, 416, 0.9999749984241396)
(416, 417, 0.9999759984871436)
(417, 418, 0.9999769985501475)
(418, 419, 0.9999779986131515)
(419, 420, 0.9999789986761555)
(420, 421, 0.9999799987391594)
(421, 422, 0.9999809988021634)
(422, 423, 0.9999819988651674)
(423, 424, 0.9999829989281713)
(424, 425, 0.9999839989911753)
(425, 426, 0.9999849990541793)
(426, 427, 0.9999859991171832)
(427, 428, 0.9999869991801872)
(428, 429, 0.9999879992431912)
(429, 430, 0.9999889993061951)
(430, 431, 0.9999899993691991)
(431, 432, 0.999990999432203)
(432, 433, 0.999991999495207)
(433, 434, 0.999992999558211)
(434, 435, 0.9999939996212149)
(435, 436, 0.9999949996842189)
(436, 437, 0.9999959997472229)
(437, 438, 0.9999969998102268)
(438, 439, 0.9999979998732308)
(439, 440, 0.9999989999362348)
(440, 441, 0.9999999999992387)
