(64, 65, 0.029066901073917954)
(65, 66, 0.031140965369908465)
(66, 67, 0.03123596831499964)
(67, 68, 0.03123596831499964)
(68, 69, 0.03123596831499964)
(69, 70, 0.03123596831499964)
(70, 71, 0.03123596831499964)
(71, 72, 0.03123596831499964)
(72, 73, 0.03123596831499964)
(73, 74, 0.03123596831499964)
(74, 75, 0.03123596831499964)
(75, 76, 0.03123596831499964)
(76, 77, 0.03123596831499964)
(77, 78, 0.03123596831499964)
(78, 79, 0.03123596831499964)
(79, 80, 0.03123596831499964)
(80, 81, 0.03123596831499964)
(81, 82, 0.03123596831499964)
(82, 83, 0.03123596831499964)
(83, 84, 0.03123596831499964)
(84, 85, 0.03123596831499964)
(85, 86, 0.03123596831499964)
(86, 87, 0.03123596831499964)
(87, 88, 0.03123596831499964)
(88, 89, 0.03123596831499964)
(89, 90, 0.03123596831499964)
(90, 91, 0.03123596831499964)
(91, 92, 0.03123596831499964)
(92, 93, 0.03123596831499964)
(93, 94, 0.03123596831499964)
(94, 95, 0.03123596831499964)
(95, 96, 0.03123596831499964)
(96, 97, 0.0021830676750979575)
(97, 98, 8.600266608264868e-05)
(98, 99, 5.000155004805149e-06)
(99, 100, 3.0000930028830896e-06)
(100, 101, 3.0000930028830896e-06)
(101, 102, 3.0000930028830896e-06)
(102, 103, 3.0000930028830896e-06)
(103, 104, 3.0000930028830896e-06)
(104, 105, 3.0000930028830896e-06)
(105, 106, 3.0000930028830896e-06)
(106, 107, 3.0000930028830896e-06)
(107, 108, 3.0000930028830896e-06)
(108, 109, 3.0000930028830896e-06)
(109, 110, 3.0000930028830896e-06)
(110, 111, 3.0000930028830896e-06)
(111, 112, 3.0000930028830896e-06)
(112, 113, 3.0000930028830896e-06)
(113, 114, 3.0000930028830896e-06)
(114, 115, 3.0000930028830896e-06)
(115, 116, 3.0000930028830896e-06)
(116, 117, 3.0000930028830896e-06)
(117, 118, 3.0000930028830896e-06)
(118, 119, 3.0000930028830896e-06)
(119, 120, 3.0000930028830896e-06)
(120, 121, 3.0000930028830896e-06)
(121, 122, 3.0000930028830896e-06)
(122, 123, 3.0000930028830896e-06)
(123, 124, 3.0000930028830896e-06)
(124, 125, 3.0000930028830896e-06)
(125, 126, 3.0000930028830896e-06)
(126, 127, 3.0000930028830896e-06)
(127, 128, 3.0000930028830896e-06)
(128, 129, 2.0000620019220596e-06)
(129, 130, 2.0000620019220596e-06)
(130, 131, 2.0000620019220596e-06)
(131, 132, 2.0000620019220596e-06)
(132, 133, 2.0000620019220596e-06)
(133, 134, 2.0000620019220596e-06)
(134, 135, 2.0000620019220596e-06)
(135, 136, 2.0000620019220596e-06)
(136, 137, 2.0000620019220596e-06)
(137, 138, 2.0000620019220596e-06)
(138, 139, 2.0000620019220596e-06)
(139, 140, 2.0000620019220596e-06)
(140, 141, 2.0000620019220596e-06)
(141, 142, 2.0000620019220596e-06)
(142, 143, 2.0000620019220596e-06)
(143, 144, 2.0000620019220596e-06)
(144, 145, 2.0000620019220596e-06)
(145, 146, 2.0000620019220596e-06)
(146, 147, 2.0000620019220596e-06)
(147, 148, 2.0000620019220596e-06)
(148, 149, 2.0000620019220596e-06)
(149, 150, 2.0000620019220596e-06)
(150, 151, 2.0000620019220596e-06)
(151, 152, 2.0000620019220596e-06)
(152, 153, 2.0000620019220596e-06)
(153, 154, 2.0000620019220596e-06)
(154, 155, 2.0000620019220596e-06)
(155, 156, 2.0000620019220596e-06)
(156, 157, 2.0000620019220596e-06)
(157, 158, 2.0000620019220596e-06)
(158, 159, 2.0000620019220596e-06)
(159, 160, 2.0000620019220596e-06)
(160, 161, 2.0000620019220596e-06)
(161, 162, 2.0000620019220596e-06)
(162, 163, 2.0000620019220596e-06)
(163, 164, 2.0000620019220596e-06)
(164, 165, 2.0000620019220596e-06)
(165, 166, 2.0000620019220596e-06)
(166, 167, 2.0000620019220596e-06)
(167, 168, 2.0000620019220596e-06)
(168, 169, 2.0000620019220596e-06)
(169, 170, 2.0000620019220596e-06)
(170, 171, 2.0000620019220596e-06)
(171, 172, 2.0000620019220596e-06)
(172, 173, 2.0000620019220596e-06)
(173, 174, 2.0000620019220596e-06)
(174, 175, 2.0000620019220596e-06)
(175, 176, 2.0000620019220596e-06)
(176, 177, 2.0000620019220596e-06)
(177, 178, 2.0000620019220596e-06)
(178, 179, 2.0000620019220596e-06)
(179, 180, 2.0000620019220596e-06)
(180, 181, 2.0000620019220596e-06)
(181, 182, 2.0000620019220596e-06)
(182, 183, 2.0000620019220596e-06)
(183, 184, 2.0000620019220596e-06)
(184, 185, 2.0000620019220596e-06)
(185, 186, 2.0000620019220596e-06)
(186, 187, 2.0000620019220596e-06)
(187, 188, 2.0000620019220596e-06)
(188, 189, 2.0000620019220596e-06)
(189, 190, 2.0000620019220596e-06)
(190, 191, 2.0000620019220596e-06)
(191, 192, 2.0000620019220596e-06)
(192, 193, 1.0000310009610298e-06)
(193, 194, 1.0000310009610298e-06)
(194, 195, 1.0000310009610298e-06)
(195, 196, 1.0000310009610298e-06)
(196, 197, 1.0000310009610298e-06)
(197, 198, 1.0000310009610298e-06)
(198, 199, 1.0000310009610298e-06)
(199, 200, 1.0000310009610298e-06)
(200, 201, 1.0000310009610298e-06)
(201, 202, 1.0000310009610298e-06)
(202, 203, 1.0000310009610298e-06)
(203, 204, 1.0000310009610298e-06)
(204, 205, 1.0000310009610298e-06)
(205, 206, 1.0000310009610298e-06)
(206, 207, 1.0000310009610298e-06)
(207, 208, 1.0000310009610298e-06)
(208, 209, 1.0000310009610298e-06)
(209, 210, 1.0000310009610298e-06)
(210, 211, 1.0000310009610298e-06)
(211, 212, 1.0000310009610298e-06)
(212, 213, 1.0000310009610298e-06)
(213, 214, 1.0000310009610298e-06)
(214, 215, 1.0000310009610298e-06)
(215, 216, 1.0000310009610298e-06)
(216, 217, 1.0000310009610298e-06)
(217, 218, 1.0000310009610298e-06)
(218, 219, 1.0000310009610298e-06)
(219, 220, 1.0000310009610298e-06)
(220, 221, 1.0000310009610298e-06)
(221, 222, 1.0000310009610298e-06)
(222, 223, 1.0000310009610298e-06)
(223, 224, 1.0000310009610298e-06)
(224, 225, 1.0000310009610298e-06)
(225, 226, 1.0000310009610298e-06)
(226, 227, 1.0000310009610298e-06)
(227, 228, 1.0000310009610298e-06)
(228, 229, 1.0000310009610298e-06)
(229, 230, 1.0000310009610298e-06)
(230, 231, 1.0000310009610298e-06)
(231, 232, 1.0000310009610298e-06)
(232, 233, 1.0000310009610298e-06)
(233, 234, 1.0000310009610298e-06)
(234, 235, 1.0000310009610298e-06)
(235, 236, 1.0000310009610298e-06)
(236, 237, 1.0000310009610298e-06)
(237, 238, 1.0000310009610298e-06)
(238, 239, 1.0000310009610298e-06)
(239, 240, 1.0000310009610298e-06)
(240, 241, 1.0000310009610298e-06)
(241, 242, 1.0000310009610298e-06)
(242, 243, 1.0000310009610298e-06)
(243, 244, 1.0000310009610298e-06)
(244, 245, 1.0000310009610298e-06)
(245, 246, 1.0000310009610298e-06)
(246, 247, 1.0000310009610298e-06)
(247, 248, 1.0000310009610298e-06)
(248, 249, 1.0000310009610298e-06)
(249, 250, 1.0000310009610298e-06)
(250, 251, 1.0000310009610298e-06)
(251, 252, 1.0000310009610298e-06)
(252, 253, 1.0000310009610298e-06)
(253, 254, 1.0000310009610298e-06)
(254, 255, 1.0000310009610298e-06)
(255, 256, 1.0000310009610298e-06)
(256, 257, 1.0000310009610298e-06)
(257, 258, 1.0000310009610298e-06)
(258, 259, 1.0000310009610298e-06)
(259, 260, 1.0000310009610298e-06)
(260, 261, 1.0000310009610298e-06)
(261, 262, 1.0000310009610298e-06)
(262, 263, 1.0000310009610298e-06)
(263, 264, 1.0000310009610298e-06)
(264, 265, 1.0000310009610298e-06)
(265, 266, 1.0000310009610298e-06)
(266, 267, 1.0000310009610298e-06)
(267, 268, 1.0000310009610298e-06)
(268, 269, 1.0000310009610298e-06)
(269, 270, 1.0000310009610298e-06)
(270, 271, 1.0000310009610298e-06)
(271, 272, 1.0000310009610298e-06)
(272, 273, 1.0000310009610298e-06)
(273, 274, 1.0000310009610298e-06)
(274, 275, 1.0000310009610298e-06)
(275, 276, 1.0000310009610298e-06)
(276, 277, 1.0000310009610298e-06)
(277, 278, 1.0000310009610298e-06)
(278, 279, 1.0000310009610298e-06)
(279, 280, 1.0000310009610298e-06)
(280, 281, 1.0000310009610298e-06)
(281, 282, 1.0000310009610298e-06)
(282, 283, 1.0000310009610298e-06)
(283, 284, 1.0000310009610298e-06)
(284, 285, 1.0000310009610298e-06)
(285, 286, 1.0000310009610298e-06)
(286, 287, 1.0000310009610298e-06)
(287, 288, 1.0000310009610298e-06)
(288, 289, 1.0000310009610298e-06)
(289, 290, 1.0000310009610298e-06)
(290, 291, 1.0000310009610298e-06)
(291, 292, 1.0000310009610298e-06)
(292, 293, 1.0000310009610298e-06)
(293, 294, 1.0000310009610298e-06)
(294, 295, 1.0000310009610298e-06)
(295, 296, 1.0000310009610298e-06)
(296, 297, 1.0000310009610298e-06)
(297, 298, 1.0000310009610298e-06)
(298, 299, 1.0000310009610298e-06)
(299, 300, 1.0000310009610298e-06)
(300, 301, 1.0000310009610298e-06)
(301, 302, 1.0000310009610298e-06)
(302, 303, 1.0000310009610298e-06)
(303, 304, 1.0000310009610298e-06)
(304, 305, 1.0000310009610298e-06)
(305, 306, 1.0000310009610298e-06)
(306, 307, 1.0000310009610298e-06)
(307, 308, 1.0000310009610298e-06)
(308, 309, 1.0000310009610298e-06)
(309, 310, 1.0000310009610298e-06)
(310, 311, 1.0000310009610298e-06)
(311, 312, 1.0000310009610298e-06)
(312, 313, 1.0000310009610298e-06)
(313, 314, 1.0000310009610298e-06)
(314, 315, 1.0000310009610298e-06)
(315, 316, 1.0000310009610298e-06)
(316, 317, 1.0000310009610298e-06)
(317, 318, 1.0000310009610298e-06)
(318, 319, 1.0000310009610298e-06)
(319, 320, 1.0000310009610298e-06)
(320, 321, 1.0000310009610298e-06)
(321, 322, 1.0000310009610298e-06)
(322, 323, 1.0000310009610298e-06)
(323, 324, 1.0000310009610298e-06)
(324, 325, 1.0000310009610298e-06)
(325, 326, 1.0000310009610298e-06)
(326, 327, 1.0000310009610298e-06)
(327, 328, 1.0000310009610298e-06)
(328, 329, 1.0000310009610298e-06)
(329, 330, 1.0000310009610298e-06)
(330, 331, 1.0000310009610298e-06)
(331, 332, 1.0000310009610298e-06)
(332, 333, 1.0000310009610298e-06)
(333, 334, 1.0000310009610298e-06)
(334, 335, 1.0000310009610298e-06)
(335, 336, 1.0000310009610298e-06)
(336, 337, 1.0000310009610298e-06)
(337, 338, 1.0000310009610298e-06)
(338, 339, 1.0000310009610298e-06)
(339, 340, 1.0000310009610298e-06)
(340, 341, 1.0000310009610298e-06)
(341, 342, 1.0000310009610298e-06)
(342, 343, 1.0000310009610298e-06)
(343, 344, 1.0000310009610298e-06)
(344, 345, 1.0000310009610298e-06)
(345, 346, 1.0000310009610298e-06)
(346, 347, 1.0000310009610298e-06)
(347, 348, 1.0000310009610298e-06)
(348, 349, 1.0000310009610298e-06)
(349, 350, 1.0000310009610298e-06)
(350, 351, 1.0000310009610298e-06)
(351, 352, 1.0000310009610298e-06)
(352, 353, 1.0000310009610298e-06)
(353, 354, 1.0000310009610298e-06)
(354, 355, 1.0000310009610298e-06)
(355, 356, 1.0000310009610298e-06)
(356, 357, 1.0000310009610298e-06)
(357, 358, 1.0000310009610298e-06)
(358, 359, 1.0000310009610298e-06)
(359, 360, 1.0000310009610298e-06)
(360, 361, 1.0000310009610298e-06)
(361, 362, 1.0000310009610298e-06)
(362, 363, 1.0000310009610298e-06)
(363, 364, 1.0000310009610298e-06)
(364, 365, 1.0000310009610298e-06)
(365, 366, 1.0000310009610298e-06)
(366, 367, 1.0000310009610298e-06)
(367, 368, 1.0000310009610298e-06)
(368, 369, 1.0000310009610298e-06)
(369, 370, 1.0000310009610298e-06)
(370, 371, 1.0000310009610298e-06)
(371, 372, 1.0000310009610298e-06)
(372, 373, 1.0000310009610298e-06)
(373, 374, 1.0000310009610298e-06)
(374, 375, 1.0000310009610298e-06)
(375, 376, 1.0000310009610298e-06)
(376, 377, 1.0000310009610298e-06)
(377, 378, 1.0000310009610298e-06)
(378, 379, 1.0000310009610298e-06)
(379, 380, 1.0000310009610298e-06)
(380, 381, 1.0000310009610298e-06)
(381, 382, 1.0000310009610298e-06)
(382, 383, 1.0000310009610298e-06)
(383, 384, 1.0000310009610298e-06)
(384, 385, 1.0000310009610298e-06)
(385, 386, 1.0000310009610298e-06)
(386, 387, 1.0000310009610298e-06)
(387, 388, 1.0000310009610298e-06)
(388, 389, 1.0000310009610298e-06)
(389, 390, 1.0000310009610298e-06)
(390, 391, 1.0000310009610298e-06)
(391, 392, 1.0000310009610298e-06)
(392, 393, 1.0000310009610298e-06)
(393, 394, 1.0000310009610298e-06)
(394, 395, 1.0000310009610298e-06)
(395, 396, 1.0000310009610298e-06)
(396, 397, 1.0000310009610298e-06)
(397, 398, 1.0000310009610298e-06)
(398, 399, 1.0000310009610298e-06)
(399, 400, 1.0000310009610298e-06)
(400, 401, 1.0000310009610298e-06)
(401, 402, 1.0000310009610298e-06)
(402, 403, 1.0000310009610298e-06)
(403, 404, 1.0000310009610298e-06)
(404, 405, 1.0000310009610298e-06)
(405, 406, 1.0000310009610298e-06)
(406, 407, 1.0000310009610298e-06)
(407, 408, 1.0000310009610298e-06)
(408, 409, 1.0000310009610298e-06)
(409, 410, 1.0000310009610298e-06)
(410, 411, 1.0000310009610298e-06)
(411, 412, 1.0000310009610298e-06)
(412, 413, 1.0000310009610298e-06)
(413, 414, 1.0000310009610298e-06)
(414, 415, 1.0000310009610298e-06)
(415, 416, 1.0000310009610298e-06)
