(96, 97, 0.02721271440098989)
(97, 98, 0.028888819995639633)
(98, 99, 0.029128835116591863)
(99, 100, 0.029236841921020367)
(100, 101, 0.02930284607928223)
(101, 102, 0.029339848410429033)
(102, 103, 0.02936685011153616)
(103, 104, 0.02937885086758377)
(104, 105, 0.02938785143461948)
(105, 106, 0.029396852001655187)
(106, 107, 0.029401852316675026)
(107, 108, 0.029406852631694864)
(108, 109, 0.02940785269469883)
(109, 110, 0.0294088527577028)
(110, 111, 0.029409852820706767)
(111, 112, 0.029409852820706767)
(112, 113, 0.029409852820706767)
(113, 114, 0.029409852820706767)
(114, 115, 0.029409852820706767)
(115, 116, 0.029409852820706767)
(116, 117, 0.029411852946714702)
(117, 118, 0.029411852946714702)
(118, 119, 0.029411852946714702)
(119, 120, 0.029411852946714702)
(120, 121, 0.029411852946714702)
(121, 122, 0.029411852946714702)
(122, 123, 0.029411852946714702)
(123, 124, 0.029411852946714702)
(124, 125, 0.029411852946714702)
(125, 126, 0.029411852946714702)
(126, 127, 0.02941285300971867)
(127, 128, 0.02941285300971867)
(128, 129, 0.0037342352568212798)
(129, 130, 0.0021201335684147295)
(130, 131, 0.0019071201485692654)
(131, 132, 0.0018121141631921966)
(132, 133, 0.0017471100679342022)
(133, 134, 0.001719108303823066)
(134, 135, 0.0016881063507000226)
(135, 136, 0.001677105657656362)
(136, 137, 0.0016661049646127014)
(137, 138, 0.0016601045865888865)
(138, 139, 0.0016551042715690408)
(139, 140, 0.0016511040195531642)
(140, 141, 0.001650103956549195)
(141, 142, 0.001649103893545226)
(142, 143, 0.001649103893545226)
(143, 144, 0.001649103893545226)
(144, 145, 0.001649103893545226)
(145, 146, 0.001649103893545226)
(146, 147, 0.001649103893545226)
(147, 148, 0.001649103893545226)
(148, 149, 0.0016471037675372877)
(149, 150, 0.0016471037675372877)
(150, 151, 0.0016471037675372877)
(151, 152, 0.0016471037675372877)
(152, 153, 0.0016471037675372877)
(153, 154, 0.0016471037675372877)
(154, 155, 0.0016471037675372877)
(155, 156, 0.0016471037675372877)
(156, 157, 0.0016471037675372877)
(157, 158, 0.0016471037675372877)
(158, 159, 0.0016471037675372877)
(159, 160, 0.0016471037675372877)
(160, 161, 0.000234014742928805)
(161, 162, 0.00014700926158347995)
(162, 163, 0.00013600856853981816)
(163, 164, 0.00012500787549615637)
(164, 165, 0.00012100762348027937)
(165, 166, 0.00012000756047631012)
(166, 167, 0.00011800743446837161)
(167, 168, 0.00011800743446837161)
(168, 169, 0.00011800743446837161)
(169, 170, 0.00011700737146440236)
(170, 171, 0.00011700737146440236)
(171, 172, 0.0001160073084604331)
(172, 173, 0.0001160073084604331)
(173, 174, 0.0001160073084604331)
(174, 175, 0.00011500724545646385)
(175, 176, 0.00011500724545646385)
(176, 177, 0.00011500724545646385)
(177, 178, 0.00011500724545646385)
(178, 179, 0.00011500724545646385)
(179, 180, 0.00011500724545646385)
(180, 181, 0.00011500724545646385)
(181, 182, 0.00011500724545646385)
(182, 183, 0.00011500724545646385)
(183, 184, 0.00011500724545646385)
(184, 185, 0.00011500724545646385)
(185, 186, 0.00011500724545646385)
(186, 187, 0.00011500724545646385)
(187, 188, 0.00011500724545646385)
(188, 189, 0.00011500724545646385)
(189, 190, 0.00011500724545646385)
(190, 191, 0.0001140071824524946)
(191, 192, 0.0001140071824524946)
(192, 193, 2.60016381032005e-05)
(193, 194, 1.900119707541575e-05)
(194, 195, 1.80011340714465e-05)
(195, 196, 1.80011340714465e-05)
(196, 197, 1.80011340714465e-05)
(197, 198, 1.80011340714465e-05)
(198, 199, 1.80011340714465e-05)
(199, 200, 1.80011340714465e-05)
(200, 201, 1.80011340714465e-05)
(201, 202, 1.80011340714465e-05)
(202, 203, 1.80011340714465e-05)
(203, 204, 1.80011340714465e-05)
(204, 205, 1.80011340714465e-05)
(205, 206, 1.80011340714465e-05)
(206, 207, 1.80011340714465e-05)
(207, 208, 1.80011340714465e-05)
(208, 209, 1.80011340714465e-05)
(209, 210, 1.80011340714465e-05)
(210, 211, 1.80011340714465e-05)
(211, 212, 1.80011340714465e-05)
(212, 213, 1.80011340714465e-05)
(213, 214, 1.80011340714465e-05)
(214, 215, 1.80011340714465e-05)
(215, 216, 1.80011340714465e-05)
(216, 217, 1.80011340714465e-05)
(217, 218, 1.80011340714465e-05)
(218, 219, 1.80011340714465e-05)
(219, 220, 1.80011340714465e-05)
(220, 221, 1.80011340714465e-05)
(221, 222, 1.80011340714465e-05)
(222, 223, 1.80011340714465e-05)
(223, 224, 1.80011340714465e-05)
(224, 225, 1.00006300396925e-05)
(225, 226, 1.00006300396925e-05)
(226, 227, 1.00006300396925e-05)
(227, 228, 1.00006300396925e-05)
(228, 229, 9.00056703572325e-06)
(229, 230, 9.00056703572325e-06)
(230, 231, 9.00056703572325e-06)
(231, 232, 9.00056703572325e-06)
(232, 233, 9.00056703572325e-06)
(233, 234, 9.00056703572325e-06)
(234, 235, 9.00056703572325e-06)
(235, 236, 9.00056703572325e-06)
(236, 237, 9.00056703572325e-06)
(237, 238, 9.00056703572325e-06)
(238, 239, 9.00056703572325e-06)
(239, 240, 9.00056703572325e-06)
(240, 241, 9.00056703572325e-06)
(241, 242, 9.00056703572325e-06)
(242, 243, 9.00056703572325e-06)
(243, 244, 9.00056703572325e-06)
(244, 245, 9.00056703572325e-06)
(245, 246, 9.00056703572325e-06)
(246, 247, 9.00056703572325e-06)
(247, 248, 9.00056703572325e-06)
(248, 249, 9.00056703572325e-06)
(249, 250, 9.00056703572325e-06)
(250, 251, 9.00056703572325e-06)
(251, 252, 9.00056703572325e-06)
(252, 253, 9.00056703572325e-06)
(253, 254, 9.00056703572325e-06)
(254, 255, 9.00056703572325e-06)
(255, 256, 9.00056703572325e-06)
(256, 257, 9.00056703572325e-06)
(257, 258, 9.00056703572325e-06)
(258, 259, 9.00056703572325e-06)
(259, 260, 9.00056703572325e-06)
(260, 261, 9.00056703572325e-06)
(261, 262, 9.00056703572325e-06)
(262, 263, 9.00056703572325e-06)
(263, 264, 9.00056703572325e-06)
(264, 265, 9.00056703572325e-06)
(265, 266, 9.00056703572325e-06)
(266, 267, 9.00056703572325e-06)
(267, 268, 9.00056703572325e-06)
(268, 269, 9.00056703572325e-06)
(269, 270, 9.00056703572325e-06)
(270, 271, 9.00056703572325e-06)
(271, 272, 9.00056703572325e-06)
(272, 273, 9.00056703572325e-06)
(273, 274, 9.00056703572325e-06)
(274, 275, 9.00056703572325e-06)
(275, 276, 9.00056703572325e-06)
(276, 277, 9.00056703572325e-06)
(277, 278, 9.00056703572325e-06)
(278, 279, 9.00056703572325e-06)
(279, 280, 9.00056703572325e-06)
(280, 281, 9.00056703572325e-06)
(281, 282, 9.00056703572325e-06)
(282, 283, 9.00056703572325e-06)
(283, 284, 9.00056703572325e-06)
(284, 285, 9.00056703572325e-06)
(285, 286, 9.00056703572325e-06)
(286, 287, 9.00056703572325e-06)
(287, 288, 9.00056703572325e-06)
(288, 289, 6.0003780238155e-06)
(289, 290, 6.0003780238155e-06)
(290, 291, 6.0003780238155e-06)
(291, 292, 6.0003780238155e-06)
(292, 293, 6.0003780238155e-06)
(293, 294, 6.0003780238155e-06)
(294, 295, 6.0003780238155e-06)
(295, 296, 6.0003780238155e-06)
(296, 297, 6.0003780238155e-06)
(297, 298, 6.0003780238155e-06)
(298, 299, 6.0003780238155e-06)
(299, 300, 6.0003780238155e-06)
(300, 301, 6.0003780238155e-06)
(301, 302, 6.0003780238155e-06)
(302, 303, 6.0003780238155e-06)
(303, 304, 6.0003780238155e-06)
(304, 305, 6.0003780238155e-06)
(305, 306, 6.0003780238155e-06)
(306, 307, 6.0003780238155e-06)
(307, 308, 6.0003780238155e-06)
(308, 309, 6.0003780238155e-06)
(309, 310, 6.0003780238155e-06)
(310, 311, 6.0003780238155e-06)
(311, 312, 6.0003780238155e-06)
(312, 313, 6.0003780238155e-06)
(313, 314, 6.0003780238155e-06)
(314, 315, 6.0003780238155e-06)
(315, 316, 6.0003780238155e-06)
(316, 317, 6.0003780238155e-06)
(317, 318, 6.0003780238155e-06)
(318, 319, 6.0003780238155e-06)
(319, 320, 6.0003780238155e-06)
(320, 321, 4.000252015877e-06)
(321, 322, 4.000252015877e-06)
(322, 323, 4.000252015877e-06)
(323, 324, 4.000252015877e-06)
(324, 325, 4.000252015877e-06)
(325, 326, 4.000252015877e-06)
(326, 327, 4.000252015877e-06)
(327, 328, 4.000252015877e-06)
(328, 329, 4.000252015877e-06)
(329, 330, 4.000252015877e-06)
(330, 331, 4.000252015877e-06)
(331, 332, 4.000252015877e-06)
(332, 333, 4.000252015877e-06)
(333, 334, 4.000252015877e-06)
(334, 335, 4.000252015877e-06)
(335, 336, 4.000252015877e-06)
(336, 337, 4.000252015877e-06)
(337, 338, 4.000252015877e-06)
(338, 339, 4.000252015877e-06)
(339, 340, 4.000252015877e-06)
(340, 341, 4.000252015877e-06)
(341, 342, 4.000252015877e-06)
(342, 343, 4.000252015877e-06)
(343, 344, 4.000252015877e-06)
(344, 345, 4.000252015877e-06)
(345, 346, 4.000252015877e-06)
(346, 347, 4.000252015877e-06)
(347, 348, 4.000252015877e-06)
(348, 349, 4.000252015877e-06)
(349, 350, 4.000252015877e-06)
(350, 351, 4.000252015877e-06)
(351, 352, 4.000252015877e-06)
(352, 353, 4.000252015877e-06)
(353, 354, 3.0001890119077497e-06)
(354, 355, 3.0001890119077497e-06)
(355, 356, 3.0001890119077497e-06)
(356, 357, 3.0001890119077497e-06)
(357, 358, 3.0001890119077497e-06)
(358, 359, 3.0001890119077497e-06)
(359, 360, 3.0001890119077497e-06)
(360, 361, 3.0001890119077497e-06)
(361, 362, 3.0001890119077497e-06)
(362, 363, 3.0001890119077497e-06)
(363, 364, 3.0001890119077497e-06)
(364, 365, 3.0001890119077497e-06)
(365, 366, 3.0001890119077497e-06)
(366, 367, 3.0001890119077497e-06)
(367, 368, 3.0001890119077497e-06)
(368, 369, 3.0001890119077497e-06)
(369, 370, 3.0001890119077497e-06)
(370, 371, 3.0001890119077497e-06)
(371, 372, 3.0001890119077497e-06)
(372, 373, 3.0001890119077497e-06)
(373, 374, 3.0001890119077497e-06)
(374, 375, 3.0001890119077497e-06)
(375, 376, 3.0001890119077497e-06)
(376, 377, 3.0001890119077497e-06)
(377, 378, 3.0001890119077497e-06)
(378, 379, 3.0001890119077497e-06)
(379, 380, 3.0001890119077497e-06)
(380, 381, 3.0001890119077497e-06)
(381, 382, 3.0001890119077497e-06)
(382, 383, 3.0001890119077497e-06)
(383, 384, 3.0001890119077497e-06)
(384, 385, 2.0001260079385e-06)
(385, 386, 2.0001260079385e-06)
(386, 387, 2.0001260079385e-06)
(387, 388, 2.0001260079385e-06)
(388, 389, 2.0001260079385e-06)
(389, 390, 2.0001260079385e-06)
(390, 391, 2.0001260079385e-06)
(391, 392, 2.0001260079385e-06)
(392, 393, 2.0001260079385e-06)
(393, 394, 2.0001260079385e-06)
(394, 395, 2.0001260079385e-06)
(395, 396, 2.0001260079385e-06)
(396, 397, 2.0001260079385e-06)
(397, 398, 2.0001260079385e-06)
(398, 399, 2.0001260079385e-06)
(399, 400, 2.0001260079385e-06)
(400, 401, 2.0001260079385e-06)
(401, 402, 2.0001260079385e-06)
(402, 403, 2.0001260079385e-06)
(403, 404, 2.0001260079385e-06)
(404, 405, 2.0001260079385e-06)
(405, 406, 2.0001260079385e-06)
(406, 407, 2.0001260079385e-06)
(407, 408, 2.0001260079385e-06)
(408, 409, 2.0001260079385e-06)
(409, 410, 2.0001260079385e-06)
(410, 411, 2.0001260079385e-06)
(411, 412, 2.0001260079385e-06)
(412, 413, 2.0001260079385e-06)
(413, 414, 2.0001260079385e-06)
(414, 415, 2.0001260079385e-06)
(415, 416, 2.0001260079385e-06)
(416, 417, 2.0001260079385e-06)
(417, 418, 2.0001260079385e-06)
(418, 419, 2.0001260079385e-06)
(419, 420, 2.0001260079385e-06)
(420, 421, 2.0001260079385e-06)
(421, 422, 2.0001260079385e-06)
(422, 423, 2.0001260079385e-06)
(423, 424, 2.0001260079385e-06)
(424, 425, 2.0001260079385e-06)
(425, 426, 2.0001260079385e-06)
(426, 427, 2.0001260079385e-06)
(427, 428, 2.0001260079385e-06)
(428, 429, 2.0001260079385e-06)
(429, 430, 2.0001260079385e-06)
(430, 431, 2.0001260079385e-06)
(431, 432, 2.0001260079385e-06)
(432, 433, 2.0001260079385e-06)
(433, 434, 2.0001260079385e-06)
(434, 435, 2.0001260079385e-06)
(435, 436, 2.0001260079385e-06)
(436, 437, 2.0001260079385e-06)
(437, 438, 2.0001260079385e-06)
(438, 439, 2.0001260079385e-06)
(439, 440, 2.0001260079385e-06)
(440, 441, 2.0001260079385e-06)
(441, 442, 2.0001260079385e-06)
(442, 443, 2.0001260079385e-06)
(443, 444, 2.0001260079385e-06)
(444, 445, 2.0001260079385e-06)
(445, 446, 2.0001260079385e-06)
(446, 447, 2.0001260079385e-06)
(447, 448, 2.0001260079385e-06)
(448, 449, 2.0001260079385e-06)
(449, 450, 2.0001260079385e-06)
(450, 451, 2.0001260079385e-06)
(451, 452, 2.0001260079385e-06)
(452, 453, 2.0001260079385e-06)
(453, 454, 2.0001260079385e-06)
(454, 455, 2.0001260079385e-06)
(455, 456, 2.0001260079385e-06)
(456, 457, 2.0001260079385e-06)
(457, 458, 2.0001260079385e-06)
(458, 459, 2.0001260079385e-06)
(459, 460, 2.0001260079385e-06)
(460, 461, 2.0001260079385e-06)
(461, 462, 2.0001260079385e-06)
(462, 463, 2.0001260079385e-06)
(463, 464, 2.0001260079385e-06)
(464, 465, 2.0001260079385e-06)
(465, 466, 2.0001260079385e-06)
(466, 467, 2.0001260079385e-06)
(467, 468, 2.0001260079385e-06)
(468, 469, 2.0001260079385e-06)
(469, 470, 2.0001260079385e-06)
(470, 471, 2.0001260079385e-06)
(471, 472, 2.0001260079385e-06)
(472, 473, 2.0001260079385e-06)
(473, 474, 2.0001260079385e-06)
(474, 475, 2.0001260079385e-06)
(475, 476, 2.0001260079385e-06)
(476, 477, 2.0001260079385e-06)
(477, 478, 2.0001260079385e-06)
(478, 479, 2.0001260079385e-06)
(479, 480, 2.0001260079385e-06)
(480, 481, 2.0001260079385e-06)
(481, 482, 2.0001260079385e-06)
(482, 483, 2.0001260079385e-06)
(483, 484, 2.0001260079385e-06)
(484, 485, 2.0001260079385e-06)
(485, 486, 2.0001260079385e-06)
(486, 487, 2.0001260079385e-06)
(487, 488, 2.0001260079385e-06)
(488, 489, 2.0001260079385e-06)
(489, 490, 2.0001260079385e-06)
(490, 491, 2.0001260079385e-06)
(491, 492, 2.0001260079385e-06)
(492, 493, 2.0001260079385e-06)
(493, 494, 2.0001260079385e-06)
(494, 495, 2.0001260079385e-06)
(495, 496, 2.0001260079385e-06)
(496, 497, 2.0001260079385e-06)
(497, 498, 2.0001260079385e-06)
(498, 499, 2.0001260079385e-06)
(499, 500, 2.0001260079385e-06)
(500, 501, 2.0001260079385e-06)
(501, 502, 2.0001260079385e-06)
(502, 503, 2.0001260079385e-06)
(503, 504, 2.0001260079385e-06)
(504, 505, 2.0001260079385e-06)
(505, 506, 2.0001260079385e-06)
(506, 507, 2.0001260079385e-06)
(507, 508, 2.0001260079385e-06)
(508, 509, 2.0001260079385e-06)
(509, 510, 2.0001260079385e-06)
(510, 511, 2.0001260079385e-06)
(511, 512, 2.0001260079385e-06)
(512, 513, 2.0001260079385e-06)
(513, 514, 2.0001260079385e-06)
(514, 515, 2.0001260079385e-06)
(515, 516, 2.0001260079385e-06)
(516, 517, 2.0001260079385e-06)
(517, 518, 2.0001260079385e-06)
(518, 519, 2.0001260079385e-06)
(519, 520, 2.0001260079385e-06)
(520, 521, 2.0001260079385e-06)
(521, 522, 2.0001260079385e-06)
(522, 523, 2.0001260079385e-06)
(523, 524, 2.0001260079385e-06)
(524, 525, 2.0001260079385e-06)
(525, 526, 2.0001260079385e-06)
(526, 527, 2.0001260079385e-06)
(527, 528, 2.0001260079385e-06)
(528, 529, 2.0001260079385e-06)
(529, 530, 2.0001260079385e-06)
(530, 531, 2.0001260079385e-06)
(531, 532, 2.0001260079385e-06)
(532, 533, 2.0001260079385e-06)
(533, 534, 2.0001260079385e-06)
(534, 535, 2.0001260079385e-06)
(535, 536, 2.0001260079385e-06)
(536, 537, 2.0001260079385e-06)
(537, 538, 2.0001260079385e-06)
(538, 539, 2.0001260079385e-06)
(539, 540, 2.0001260079385e-06)
(540, 541, 2.0001260079385e-06)
(541, 542, 2.0001260079385e-06)
(542, 543, 2.0001260079385e-06)
(543, 544, 2.0001260079385e-06)
(544, 545, 2.0001260079385e-06)
(545, 546, 2.0001260079385e-06)
(546, 547, 2.0001260079385e-06)
(547, 548, 2.0001260079385e-06)
(548, 549, 2.0001260079385e-06)
(549, 550, 2.0001260079385e-06)
(550, 551, 2.0001260079385e-06)
(551, 552, 2.0001260079385e-06)
(552, 553, 2.0001260079385e-06)
(553, 554, 2.0001260079385e-06)
(554, 555, 2.0001260079385e-06)
(555, 556, 2.0001260079385e-06)
(556, 557, 2.0001260079385e-06)
(557, 558, 2.0001260079385e-06)
(558, 559, 2.0001260079385e-06)
(559, 560, 2.0001260079385e-06)
(560, 561, 2.0001260079385e-06)
(561, 562, 2.0001260079385e-06)
(562, 563, 2.0001260079385e-06)
(563, 564, 2.0001260079385e-06)
(564, 565, 2.0001260079385e-06)
(565, 566, 2.0001260079385e-06)
(566, 567, 2.0001260079385e-06)
(567, 568, 2.0001260079385e-06)
(568, 569, 2.0001260079385e-06)
(569, 570, 2.0001260079385e-06)
(570, 571, 2.0001260079385e-06)
(571, 572, 2.0001260079385e-06)
(572, 573, 2.0001260079385e-06)
(573, 574, 2.0001260079385e-06)
(574, 575, 2.0001260079385e-06)
(575, 576, 2.0001260079385e-06)
(576, 577, 2.0001260079385e-06)
(577, 578, 2.0001260079385e-06)
(578, 579, 2.0001260079385e-06)
(579, 580, 2.0001260079385e-06)
(580, 581, 2.0001260079385e-06)
(581, 582, 2.0001260079385e-06)
(582, 583, 2.0001260079385e-06)
(583, 584, 2.0001260079385e-06)
(584, 585, 2.0001260079385e-06)
(585, 586, 2.0001260079385e-06)
(586, 587, 2.0001260079385e-06)
(587, 588, 2.0001260079385e-06)
(588, 589, 2.0001260079385e-06)
(589, 590, 2.0001260079385e-06)
(590, 591, 2.0001260079385e-06)
(591, 592, 2.0001260079385e-06)
(592, 593, 2.0001260079385e-06)
(593, 594, 2.0001260079385e-06)
(594, 595, 2.0001260079385e-06)
(595, 596, 2.0001260079385e-06)
(596, 597, 2.0001260079385e-06)
(597, 598, 2.0001260079385e-06)
(598, 599, 2.0001260079385e-06)
(599, 600, 2.0001260079385e-06)
(600, 601, 2.0001260079385e-06)
(601, 602, 2.0001260079385e-06)
(602, 603, 2.0001260079385e-06)
(603, 604, 2.0001260079385e-06)
(604, 605, 2.0001260079385e-06)
(605, 606, 2.0001260079385e-06)
(606, 607, 2.0001260079385e-06)
(607, 608, 2.0001260079385e-06)
(608, 609, 2.0001260079385e-06)
(609, 610, 2.0001260079385e-06)
(610, 611, 2.0001260079385e-06)
(611, 612, 2.0001260079385e-06)
(612, 613, 2.0001260079385e-06)
(613, 614, 2.0001260079385e-06)
(614, 615, 2.0001260079385e-06)
(615, 616, 2.0001260079385e-06)
(616, 617, 2.0001260079385e-06)
(617, 618, 2.0001260079385e-06)
(618, 619, 2.0001260079385e-06)
(619, 620, 2.0001260079385e-06)
(620, 621, 2.0001260079385e-06)
(621, 622, 2.0001260079385e-06)
(622, 623, 2.0001260079385e-06)
(623, 624, 2.0001260079385e-06)
(624, 625, 2.0001260079385e-06)
(625, 626, 2.0001260079385e-06)
(626, 627, 2.0001260079385e-06)
(627, 628, 2.0001260079385e-06)
(628, 629, 2.0001260079385e-06)
(629, 630, 2.0001260079385e-06)
(630, 631, 2.0001260079385e-06)
(631, 632, 2.0001260079385e-06)
(632, 633, 2.0001260079385e-06)
(633, 634, 2.0001260079385e-06)
(634, 635, 2.0001260079385e-06)
(635, 636, 2.0001260079385e-06)
(636, 637, 2.0001260079385e-06)
(637, 638, 2.0001260079385e-06)
(638, 639, 2.0001260079385e-06)
(639, 640, 2.0001260079385e-06)
(640, 641, 2.0001260079385e-06)
(641, 642, 2.0001260079385e-06)
(642, 643, 2.0001260079385e-06)
(643, 644, 2.0001260079385e-06)
(644, 645, 2.0001260079385e-06)
(645, 646, 2.0001260079385e-06)
(646, 647, 2.0001260079385e-06)
(647, 648, 2.0001260079385e-06)
(648, 649, 2.0001260079385e-06)
(649, 650, 2.0001260079385e-06)
(650, 651, 2.0001260079385e-06)
(651, 652, 2.0001260079385e-06)
(652, 653, 2.0001260079385e-06)
(653, 654, 2.0001260079385e-06)
(654, 655, 2.0001260079385e-06)
(655, 656, 2.0001260079385e-06)
(656, 657, 2.0001260079385e-06)
(657, 658, 2.0001260079385e-06)
(658, 659, 2.0001260079385e-06)
(659, 660, 2.0001260079385e-06)
(660, 661, 2.0001260079385e-06)
(661, 662, 2.0001260079385e-06)
(662, 663, 2.0001260079385e-06)
(663, 664, 2.0001260079385e-06)
(664, 665, 2.0001260079385e-06)
(665, 666, 2.0001260079385e-06)
(666, 667, 2.0001260079385e-06)
(667, 668, 2.0001260079385e-06)
(668, 669, 2.0001260079385e-06)
(669, 670, 2.0001260079385e-06)
(670, 671, 2.0001260079385e-06)
(671, 672, 2.0001260079385e-06)
(672, 673, 2.0001260079385e-06)
(673, 674, 2.0001260079385e-06)
(674, 675, 2.0001260079385e-06)
(675, 676, 2.0001260079385e-06)
(676, 677, 2.0001260079385e-06)
(677, 678, 2.0001260079385e-06)
(678, 679, 2.0001260079385e-06)
(679, 680, 2.0001260079385e-06)
(680, 681, 2.0001260079385e-06)
(681, 682, 2.0001260079385e-06)
(682, 683, 2.0001260079385e-06)
(683, 684, 2.0001260079385e-06)
(684, 685, 2.0001260079385e-06)
(685, 686, 2.0001260079385e-06)
(686, 687, 2.0001260079385e-06)
(687, 688, 2.0001260079385e-06)
(688, 689, 2.0001260079385e-06)
(689, 690, 2.0001260079385e-06)
(690, 691, 2.0001260079385e-06)
(691, 692, 2.0001260079385e-06)
(692, 693, 2.0001260079385e-06)
(693, 694, 2.0001260079385e-06)
(694, 695, 2.0001260079385e-06)
(695, 696, 2.0001260079385e-06)
(696, 697, 2.0001260079385e-06)
(697, 698, 2.0001260079385e-06)
(698, 699, 2.0001260079385e-06)
(699, 700, 2.0001260079385e-06)
(700, 701, 2.0001260079385e-06)
(701, 702, 2.0001260079385e-06)
(702, 703, 2.0001260079385e-06)
(703, 704, 2.0001260079385e-06)
(704, 705, 2.0001260079385e-06)
(705, 706, 1.00006300396925e-06)
(706, 707, 1.00006300396925e-06)
(707, 708, 1.00006300396925e-06)
(708, 709, 1.00006300396925e-06)
(709, 710, 1.00006300396925e-06)
(710, 711, 1.00006300396925e-06)
(711, 712, 1.00006300396925e-06)
(712, 713, 1.00006300396925e-06)
(713, 714, 1.00006300396925e-06)
(714, 715, 1.00006300396925e-06)
(715, 716, 1.00006300396925e-06)
(716, 717, 1.00006300396925e-06)
(717, 718, 1.00006300396925e-06)
(718, 719, 1.00006300396925e-06)
(719, 720, 1.00006300396925e-06)
(720, 721, 1.00006300396925e-06)
(721, 722, 1.00006300396925e-06)
(722, 723, 1.00006300396925e-06)
(723, 724, 1.00006300396925e-06)
(724, 725, 1.00006300396925e-06)
(725, 726, 1.00006300396925e-06)
(726, 727, 1.00006300396925e-06)
(727, 728, 1.00006300396925e-06)
(728, 729, 1.00006300396925e-06)
(729, 730, 1.00006300396925e-06)
(730, 731, 1.00006300396925e-06)
(731, 732, 1.00006300396925e-06)
(732, 733, 1.00006300396925e-06)
(733, 734, 1.00006300396925e-06)
(734, 735, 1.00006300396925e-06)
(735, 736, 1.00006300396925e-06)
(736, 737, 1.00006300396925e-06)
(737, 738, 1.00006300396925e-06)
(738, 739, 1.00006300396925e-06)
(739, 740, 1.00006300396925e-06)
(740, 741, 1.00006300396925e-06)
(741, 742, 1.00006300396925e-06)
(742, 743, 1.00006300396925e-06)
(743, 744, 1.00006300396925e-06)
(744, 745, 1.00006300396925e-06)
(745, 746, 1.00006300396925e-06)
(746, 747, 1.00006300396925e-06)
(747, 748, 1.00006300396925e-06)
(748, 749, 1.00006300396925e-06)
(749, 750, 1.00006300396925e-06)
(750, 751, 1.00006300396925e-06)
(751, 752, 1.00006300396925e-06)
(752, 753, 1.00006300396925e-06)
(753, 754, 1.00006300396925e-06)
(754, 755, 1.00006300396925e-06)
(755, 756, 1.00006300396925e-06)
(756, 757, 1.00006300396925e-06)
(757, 758, 1.00006300396925e-06)
(758, 759, 1.00006300396925e-06)
(759, 760, 1.00006300396925e-06)
(760, 761, 1.00006300396925e-06)
(761, 762, 1.00006300396925e-06)
(762, 763, 1.00006300396925e-06)
(763, 764, 1.00006300396925e-06)
(764, 765, 1.00006300396925e-06)
(765, 766, 1.00006300396925e-06)
(766, 767, 1.00006300396925e-06)
(767, 768, 1.00006300396925e-06)
(768, 769, 1.00006300396925e-06)
(769, 770, 1.00006300396925e-06)
(770, 771, 1.00006300396925e-06)
(771, 772, 1.00006300396925e-06)
(772, 773, 1.00006300396925e-06)
(773, 774, 1.00006300396925e-06)
(774, 775, 1.00006300396925e-06)
(775, 776, 1.00006300396925e-06)
(776, 777, 1.00006300396925e-06)
(777, 778, 1.00006300396925e-06)
(778, 779, 1.00006300396925e-06)
(779, 780, 1.00006300396925e-06)
(780, 781, 1.00006300396925e-06)
(781, 782, 1.00006300396925e-06)
(782, 783, 1.00006300396925e-06)
(783, 784, 1.00006300396925e-06)
(784, 785, 1.00006300396925e-06)
(785, 786, 1.00006300396925e-06)
(786, 787, 1.00006300396925e-06)
(787, 788, 1.00006300396925e-06)
(788, 789, 1.00006300396925e-06)
(789, 790, 1.00006300396925e-06)
(790, 791, 1.00006300396925e-06)
(791, 792, 1.00006300396925e-06)
(792, 793, 1.00006300396925e-06)
(793, 794, 1.00006300396925e-06)
(794, 795, 1.00006300396925e-06)
(795, 796, 1.00006300396925e-06)
(796, 797, 1.00006300396925e-06)
(797, 798, 1.00006300396925e-06)
(798, 799, 1.00006300396925e-06)
(799, 800, 1.00006300396925e-06)
(800, 801, 1.00006300396925e-06)
(801, 802, 1.00006300396925e-06)
(802, 803, 1.00006300396925e-06)
(803, 804, 1.00006300396925e-06)
(804, 805, 1.00006300396925e-06)
(805, 806, 1.00006300396925e-06)
(806, 807, 1.00006300396925e-06)
(807, 808, 1.00006300396925e-06)
(808, 809, 1.00006300396925e-06)
(809, 810, 1.00006300396925e-06)
(810, 811, 1.00006300396925e-06)
(811, 812, 1.00006300396925e-06)
(812, 813, 1.00006300396925e-06)
(813, 814, 1.00006300396925e-06)
(814, 815, 1.00006300396925e-06)
(815, 816, 1.00006300396925e-06)
(816, 817, 1.00006300396925e-06)
(817, 818, 1.00006300396925e-06)
(818, 819, 1.00006300396925e-06)
(819, 820, 1.00006300396925e-06)
(820, 821, 1.00006300396925e-06)
(821, 822, 1.00006300396925e-06)
(822, 823, 1.00006300396925e-06)
(823, 824, 1.00006300396925e-06)
(824, 825, 1.00006300396925e-06)
(825, 826, 1.00006300396925e-06)
(826, 827, 1.00006300396925e-06)
(827, 828, 1.00006300396925e-06)
(828, 829, 1.00006300396925e-06)
(829, 830, 1.00006300396925e-06)
(830, 831, 1.00006300396925e-06)
(831, 832, 1.00006300396925e-06)
(832, 833, 1.00006300396925e-06)
(833, 834, 1.00006300396925e-06)
(834, 835, 1.00006300396925e-06)
(835, 836, 1.00006300396925e-06)
(836, 837, 1.00006300396925e-06)
(837, 838, 1.00006300396925e-06)
(838, 839, 1.00006300396925e-06)
(839, 840, 1.00006300396925e-06)
(840, 841, 1.00006300396925e-06)
(841, 842, 1.00006300396925e-06)
(842, 843, 1.00006300396925e-06)
(843, 844, 1.00006300396925e-06)
(844, 845, 1.00006300396925e-06)
(845, 846, 1.00006300396925e-06)
(846, 847, 1.00006300396925e-06)
(847, 848, 1.00006300396925e-06)
(848, 849, 1.00006300396925e-06)
(849, 850, 1.00006300396925e-06)
(850, 851, 1.00006300396925e-06)
(851, 852, 1.00006300396925e-06)
(852, 853, 1.00006300396925e-06)
(853, 854, 1.00006300396925e-06)
(854, 855, 1.00006300396925e-06)
(855, 856, 1.00006300396925e-06)
(856, 857, 1.00006300396925e-06)
(857, 858, 1.00006300396925e-06)
(858, 859, 1.00006300396925e-06)
(859, 860, 1.00006300396925e-06)
(860, 861, 1.00006300396925e-06)
(861, 862, 1.00006300396925e-06)
(862, 863, 1.00006300396925e-06)
(863, 864, 1.00006300396925e-06)
(864, 865, 1.00006300396925e-06)
(865, 866, 1.00006300396925e-06)
(866, 867, 1.00006300396925e-06)
(867, 868, 1.00006300396925e-06)
(868, 869, 1.00006300396925e-06)
(869, 870, 1.00006300396925e-06)
(870, 871, 1.00006300396925e-06)
(871, 872, 1.00006300396925e-06)
(872, 873, 1.00006300396925e-06)
(873, 874, 1.00006300396925e-06)
(874, 875, 1.00006300396925e-06)
(875, 876, 1.00006300396925e-06)
(876, 877, 1.00006300396925e-06)
(877, 878, 1.00006300396925e-06)
(878, 879, 1.00006300396925e-06)
(879, 880, 1.00006300396925e-06)
(880, 881, 1.00006300396925e-06)
(881, 882, 1.00006300396925e-06)
(882, 883, 1.00006300396925e-06)
(883, 884, 1.00006300396925e-06)
(884, 885, 1.00006300396925e-06)
(885, 886, 1.00006300396925e-06)
(886, 887, 1.00006300396925e-06)
(887, 888, 1.00006300396925e-06)
(888, 889, 1.00006300396925e-06)
(889, 890, 1.00006300396925e-06)
(890, 891, 1.00006300396925e-06)
(891, 892, 1.00006300396925e-06)
(892, 893, 1.00006300396925e-06)
(893, 894, 1.00006300396925e-06)
(894, 895, 1.00006300396925e-06)
(895, 896, 1.00006300396925e-06)
(896, 897, 1.00006300396925e-06)
(897, 898, 1.00006300396925e-06)
(898, 899, 1.00006300396925e-06)
(899, 900, 1.00006300396925e-06)
(900, 901, 1.00006300396925e-06)
(901, 902, 1.00006300396925e-06)
(902, 903, 1.00006300396925e-06)
(903, 904, 1.00006300396925e-06)
(904, 905, 1.00006300396925e-06)
(905, 906, 1.00006300396925e-06)
(906, 907, 1.00006300396925e-06)
(907, 908, 1.00006300396925e-06)
(908, 909, 1.00006300396925e-06)
(909, 910, 1.00006300396925e-06)
(910, 911, 1.00006300396925e-06)
(911, 912, 1.00006300396925e-06)
(912, 913, 1.00006300396925e-06)
(913, 914, 1.00006300396925e-06)
(914, 915, 1.00006300396925e-06)
(915, 916, 1.00006300396925e-06)
(916, 917, 1.00006300396925e-06)
(917, 918, 1.00006300396925e-06)
(918, 919, 1.00006300396925e-06)
(919, 920, 1.00006300396925e-06)
(920, 921, 1.00006300396925e-06)
(921, 922, 1.00006300396925e-06)
(922, 923, 1.00006300396925e-06)
(923, 924, 1.00006300396925e-06)
(924, 925, 1.00006300396925e-06)
(925, 926, 1.00006300396925e-06)
(926, 927, 1.00006300396925e-06)
(927, 928, 1.00006300396925e-06)
