(95, 96, 0.025844628211562175)
(96, 97, 0.03064793081961869)
(97, 98, 0.03093394883875343)
(98, 99, 0.030978951673931974)
(99, 100, 0.03099795287100736)
(100, 101, 0.03100995362705497)
(101, 102, 0.031020954320098614)
(102, 103, 0.031025954635118452)
(103, 104, 0.03103095495013829)
(104, 105, 0.031032955076146226)
(105, 106, 0.03103595526515813)
(106, 107, 0.031036955328162096)
(107, 108, 0.031037955391166064)
(108, 109, 0.031037955391166064)
(109, 110, 0.03103895545417003)
(110, 111, 0.03103895545417003)
(111, 112, 0.031039955517174)
(112, 113, 0.031039955517174)
(113, 114, 0.031039955517174)
(114, 115, 0.031039955517174)
(115, 116, 0.031039955517174)
(116, 117, 0.031039955517174)
(117, 118, 0.031039955517174)
(118, 119, 0.031039955517174)
(119, 120, 0.031039955517174)
(120, 121, 0.031039955517174)
(121, 122, 0.031039955517174)
(122, 123, 0.031039955517174)
(123, 124, 0.031039955517174)
(124, 125, 0.031039955517174)
(125, 126, 0.031039955517174)
(126, 127, 0.031039955517174)
(127, 128, 0.005336336189180197)
(128, 129, 0.0005670357232505664)
(129, 130, 0.0002810177041153599)
(130, 131, 0.00024101518395658978)
(131, 132, 0.00022201398688117397)
(132, 133, 0.00021101329383751218)
(133, 134, 0.00019901253778988113)
(134, 135, 0.00019401222277003487)
(135, 136, 0.00019001197075415785)
(136, 137, 0.00018801184474621935)
(137, 138, 0.00018401159273034233)
(138, 139, 0.00018401159273034233)
(139, 140, 0.00018401159273034233)
(140, 141, 0.00018401159273034233)
(141, 142, 0.00018301152972637308)
(142, 143, 0.00018301152972637308)
(143, 144, 0.00018201146672240382)
(144, 145, 0.00018201146672240382)
(145, 146, 0.00018201146672240382)
(146, 147, 0.00018201146672240382)
(147, 148, 0.00018201146672240382)
(148, 149, 0.00018201146672240382)
(149, 150, 0.00018201146672240382)
(150, 151, 0.00018201146672240382)
(151, 152, 0.00018201146672240382)
(152, 153, 0.00018201146672240382)
(153, 154, 0.00018201146672240382)
(154, 155, 0.00018201146672240382)
(155, 156, 0.00018201146672240382)
(156, 157, 0.00018201146672240382)
(157, 158, 0.00018201146672240382)
(158, 159, 0.00018201146672240382)
(159, 160, 5.2003276206400935e-05)
(160, 161, 1.100069304366175e-05)
(161, 162, 7.00044102778475e-06)
(162, 163, 6.0003780238155e-06)
(163, 164, 6.0003780238155e-06)
(164, 165, 6.0003780238155e-06)
(165, 166, 6.0003780238155e-06)
(166, 167, 6.0003780238155e-06)
(167, 168, 6.0003780238155e-06)
(168, 169, 6.0003780238155e-06)
(169, 170, 6.0003780238155e-06)
(170, 171, 6.0003780238155e-06)
(171, 172, 5.00031501984625e-06)
(172, 173, 5.00031501984625e-06)
(173, 174, 5.00031501984625e-06)
(174, 175, 5.00031501984625e-06)
(175, 176, 5.00031501984625e-06)
(176, 177, 5.00031501984625e-06)
(177, 178, 5.00031501984625e-06)
(178, 179, 5.00031501984625e-06)
(179, 180, 5.00031501984625e-06)
(180, 181, 5.00031501984625e-06)
(181, 182, 5.00031501984625e-06)
(182, 183, 5.00031501984625e-06)
(183, 184, 5.00031501984625e-06)
(184, 185, 5.00031501984625e-06)
(185, 186, 5.00031501984625e-06)
(186, 187, 5.00031501984625e-06)
(187, 188, 5.00031501984625e-06)
(188, 189, 5.00031501984625e-06)
(189, 190, 5.00031501984625e-06)
(190, 191, 5.00031501984625e-06)
(191, 192, 4.000252015877e-06)
(192, 193, 4.000252015877e-06)
(193, 194, 4.000252015877e-06)
(194, 195, 4.000252015877e-06)
(195, 196, 4.000252015877e-06)
(196, 197, 4.000252015877e-06)
(197, 198, 4.000252015877e-06)
(198, 199, 4.000252015877e-06)
(199, 200, 4.000252015877e-06)
(200, 201, 4.000252015877e-06)
(201, 202, 4.000252015877e-06)
(202, 203, 4.000252015877e-06)
(203, 204, 4.000252015877e-06)
(204, 205, 4.000252015877e-06)
(205, 206, 4.000252015877e-06)
(206, 207, 4.000252015877e-06)
(207, 208, 4.000252015877e-06)
(208, 209, 4.000252015877e-06)
(209, 210, 4.000252015877e-06)
(210, 211, 4.000252015877e-06)
(211, 212, 4.000252015877e-06)
(212, 213, 4.000252015877e-06)
(213, 214, 4.000252015877e-06)
(214, 215, 4.000252015877e-06)
(215, 216, 4.000252015877e-06)
(216, 217, 4.000252015877e-06)
(217, 218, 4.000252015877e-06)
(218, 219, 4.000252015877e-06)
(219, 220, 4.000252015877e-06)
(220, 221, 4.000252015877e-06)
(221, 222, 4.000252015877e-06)
(222, 223, 4.000252015877e-06)
(223, 224, 4.000252015877e-06)
(224, 225, 3.0001890119077497e-06)
(225, 226, 3.0001890119077497e-06)
(226, 227, 3.0001890119077497e-06)
(227, 228, 3.0001890119077497e-06)
(228, 229, 3.0001890119077497e-06)
(229, 230, 3.0001890119077497e-06)
(230, 231, 3.0001890119077497e-06)
(231, 232, 3.0001890119077497e-06)
(232, 233, 3.0001890119077497e-06)
(233, 234, 3.0001890119077497e-06)
(234, 235, 3.0001890119077497e-06)
(235, 236, 3.0001890119077497e-06)
(236, 237, 3.0001890119077497e-06)
(237, 238, 3.0001890119077497e-06)
(238, 239, 3.0001890119077497e-06)
(239, 240, 3.0001890119077497e-06)
(240, 241, 3.0001890119077497e-06)
(241, 242, 3.0001890119077497e-06)
(242, 243, 3.0001890119077497e-06)
(243, 244, 3.0001890119077497e-06)
(244, 245, 3.0001890119077497e-06)
(245, 246, 3.0001890119077497e-06)
(246, 247, 3.0001890119077497e-06)
(247, 248, 3.0001890119077497e-06)
(248, 249, 3.0001890119077497e-06)
(249, 250, 3.0001890119077497e-06)
(250, 251, 3.0001890119077497e-06)
(251, 252, 3.0001890119077497e-06)
(252, 253, 3.0001890119077497e-06)
(253, 254, 3.0001890119077497e-06)
(254, 255, 3.0001890119077497e-06)
(255, 256, 3.0001890119077497e-06)
(256, 257, 2.0001260079385e-06)
(257, 258, 2.0001260079385e-06)
(258, 259, 2.0001260079385e-06)
(259, 260, 2.0001260079385e-06)
(260, 261, 2.0001260079385e-06)
(261, 262, 2.0001260079385e-06)
(262, 263, 2.0001260079385e-06)
(263, 264, 2.0001260079385e-06)
(264, 265, 2.0001260079385e-06)
(265, 266, 2.0001260079385e-06)
(266, 267, 2.0001260079385e-06)
(267, 268, 2.0001260079385e-06)
(268, 269, 2.0001260079385e-06)
(269, 270, 2.0001260079385e-06)
(270, 271, 2.0001260079385e-06)
(271, 272, 2.0001260079385e-06)
(272, 273, 2.0001260079385e-06)
(273, 274, 2.0001260079385e-06)
(274, 275, 2.0001260079385e-06)
(275, 276, 2.0001260079385e-06)
(276, 277, 2.0001260079385e-06)
(277, 278, 2.0001260079385e-06)
(278, 279, 2.0001260079385e-06)
(279, 280, 2.0001260079385e-06)
(280, 281, 2.0001260079385e-06)
(281, 282, 2.0001260079385e-06)
(282, 283, 2.0001260079385e-06)
(283, 284, 2.0001260079385e-06)
(284, 285, 2.0001260079385e-06)
(285, 286, 2.0001260079385e-06)
(286, 287, 2.0001260079385e-06)
(287, 288, 2.0001260079385e-06)
(288, 289, 2.0001260079385e-06)
(289, 290, 2.0001260079385e-06)
(290, 291, 2.0001260079385e-06)
(291, 292, 2.0001260079385e-06)
(292, 293, 2.0001260079385e-06)
(293, 294, 2.0001260079385e-06)
(294, 295, 2.0001260079385e-06)
(295, 296, 2.0001260079385e-06)
(296, 297, 2.0001260079385e-06)
(297, 298, 2.0001260079385e-06)
(298, 299, 2.0001260079385e-06)
(299, 300, 2.0001260079385e-06)
(300, 301, 2.0001260079385e-06)
(301, 302, 2.0001260079385e-06)
(302, 303, 2.0001260079385e-06)
(303, 304, 2.0001260079385e-06)
(304, 305, 2.0001260079385e-06)
(305, 306, 2.0001260079385e-06)
(306, 307, 2.0001260079385e-06)
(307, 308, 2.0001260079385e-06)
(308, 309, 2.0001260079385e-06)
(309, 310, 2.0001260079385e-06)
(310, 311, 2.0001260079385e-06)
(311, 312, 2.0001260079385e-06)
(312, 313, 2.0001260079385e-06)
(313, 314, 2.0001260079385e-06)
(314, 315, 2.0001260079385e-06)
(315, 316, 2.0001260079385e-06)
(316, 317, 2.0001260079385e-06)
(317, 318, 2.0001260079385e-06)
(318, 319, 2.0001260079385e-06)
(319, 320, 2.0001260079385e-06)
(320, 321, 2.0001260079385e-06)
(321, 322, 2.0001260079385e-06)
(322, 323, 2.0001260079385e-06)
(323, 324, 2.0001260079385e-06)
(324, 325, 2.0001260079385e-06)
(325, 326, 2.0001260079385e-06)
(326, 327, 2.0001260079385e-06)
(327, 328, 2.0001260079385e-06)
(328, 329, 2.0001260079385e-06)
(329, 330, 2.0001260079385e-06)
(330, 331, 2.0001260079385e-06)
(331, 332, 2.0001260079385e-06)
(332, 333, 2.0001260079385e-06)
(333, 334, 2.0001260079385e-06)
(334, 335, 2.0001260079385e-06)
(335, 336, 2.0001260079385e-06)
(336, 337, 2.0001260079385e-06)
(337, 338, 2.0001260079385e-06)
(338, 339, 2.0001260079385e-06)
(339, 340, 2.0001260079385e-06)
(340, 341, 2.0001260079385e-06)
(341, 342, 2.0001260079385e-06)
(342, 343, 2.0001260079385e-06)
(343, 344, 2.0001260079385e-06)
(344, 345, 2.0001260079385e-06)
(345, 346, 2.0001260079385e-06)
(346, 347, 2.0001260079385e-06)
(347, 348, 2.0001260079385e-06)
(348, 349, 2.0001260079385e-06)
(349, 350, 2.0001260079385e-06)
(350, 351, 2.0001260079385e-06)
(351, 352, 2.0001260079385e-06)
(352, 353, 2.0001260079385e-06)
(353, 354, 2.0001260079385e-06)
(354, 355, 2.0001260079385e-06)
(355, 356, 2.0001260079385e-06)
(356, 357, 2.0001260079385e-06)
(357, 358, 2.0001260079385e-06)
(358, 359, 2.0001260079385e-06)
(359, 360, 2.0001260079385e-06)
(360, 361, 2.0001260079385e-06)
(361, 362, 2.0001260079385e-06)
(362, 363, 2.0001260079385e-06)
(363, 364, 2.0001260079385e-06)
(364, 365, 2.0001260079385e-06)
(365, 366, 2.0001260079385e-06)
(366, 367, 2.0001260079385e-06)
(367, 368, 2.0001260079385e-06)
(368, 369, 2.0001260079385e-06)
(369, 370, 2.0001260079385e-06)
(370, 371, 2.0001260079385e-06)
(371, 372, 2.0001260079385e-06)
(372, 373, 2.0001260079385e-06)
(373, 374, 2.0001260079385e-06)
(374, 375, 2.0001260079385e-06)
(375, 376, 2.0001260079385e-06)
(376, 377, 2.0001260079385e-06)
(377, 378, 2.0001260079385e-06)
(378, 379, 2.0001260079385e-06)
(379, 380, 2.0001260079385e-06)
(380, 381, 2.0001260079385e-06)
(381, 382, 2.0001260079385e-06)
(382, 383, 2.0001260079385e-06)
(383, 384, 2.0001260079385e-06)
(384, 385, 2.0001260079385e-06)
(385, 386, 2.0001260079385e-06)
(386, 387, 2.0001260079385e-06)
(387, 388, 2.0001260079385e-06)
(388, 389, 2.0001260079385e-06)
(389, 390, 2.0001260079385e-06)
(390, 391, 2.0001260079385e-06)
(391, 392, 2.0001260079385e-06)
(392, 393, 2.0001260079385e-06)
(393, 394, 2.0001260079385e-06)
(394, 395, 2.0001260079385e-06)
(395, 396, 2.0001260079385e-06)
(396, 397, 2.0001260079385e-06)
(397, 398, 2.0001260079385e-06)
(398, 399, 2.0001260079385e-06)
(399, 400, 2.0001260079385e-06)
(400, 401, 2.0001260079385e-06)
(401, 402, 2.0001260079385e-06)
(402, 403, 2.0001260079385e-06)
(403, 404, 2.0001260079385e-06)
(404, 405, 2.0001260079385e-06)
(405, 406, 2.0001260079385e-06)
(406, 407, 2.0001260079385e-06)
(407, 408, 2.0001260079385e-06)
(408, 409, 2.0001260079385e-06)
(409, 410, 2.0001260079385e-06)
(410, 411, 2.0001260079385e-06)
(411, 412, 2.0001260079385e-06)
(412, 413, 2.0001260079385e-06)
(413, 414, 2.0001260079385e-06)
(414, 415, 2.0001260079385e-06)
(415, 416, 2.0001260079385e-06)
(416, 417, 2.0001260079385e-06)
(417, 418, 2.0001260079385e-06)
(418, 419, 1.00006300396925e-06)
(419, 420, 1.00006300396925e-06)
(420, 421, 1.00006300396925e-06)
(421, 422, 1.00006300396925e-06)
(422, 423, 1.00006300396925e-06)
(423, 424, 1.00006300396925e-06)
(424, 425, 1.00006300396925e-06)
(425, 426, 1.00006300396925e-06)
(426, 427, 1.00006300396925e-06)
(427, 428, 1.00006300396925e-06)
(428, 429, 1.00006300396925e-06)
(429, 430, 1.00006300396925e-06)
(430, 431, 1.00006300396925e-06)
(431, 432, 1.00006300396925e-06)
(432, 433, 1.00006300396925e-06)
(433, 434, 1.00006300396925e-06)
(434, 435, 1.00006300396925e-06)
(435, 436, 1.00006300396925e-06)
(436, 437, 1.00006300396925e-06)
(437, 438, 1.00006300396925e-06)
(438, 439, 1.00006300396925e-06)
(439, 440, 1.00006300396925e-06)
(440, 441, 1.00006300396925e-06)
(441, 442, 1.00006300396925e-06)
(442, 443, 1.00006300396925e-06)
(443, 444, 1.00006300396925e-06)
(444, 445, 1.00006300396925e-06)
(445, 446, 1.00006300396925e-06)
(446, 447, 1.00006300396925e-06)
(447, 448, 1.00006300396925e-06)
(448, 449, 1.00006300396925e-06)
(449, 450, 1.00006300396925e-06)
(450, 451, 1.00006300396925e-06)
(451, 452, 1.00006300396925e-06)
(452, 453, 1.00006300396925e-06)
(453, 454, 1.00006300396925e-06)
(454, 455, 1.00006300396925e-06)
(455, 456, 1.00006300396925e-06)
(456, 457, 1.00006300396925e-06)
(457, 458, 1.00006300396925e-06)
(458, 459, 1.00006300396925e-06)
(459, 460, 1.00006300396925e-06)
(460, 461, 1.00006300396925e-06)
(461, 462, 1.00006300396925e-06)
(462, 463, 1.00006300396925e-06)
(463, 464, 1.00006300396925e-06)
(464, 465, 1.00006300396925e-06)
(465, 466, 1.00006300396925e-06)
(466, 467, 1.00006300396925e-06)
(467, 468, 1.00006300396925e-06)
(468, 469, 1.00006300396925e-06)
(469, 470, 1.00006300396925e-06)
(470, 471, 1.00006300396925e-06)
(471, 472, 1.00006300396925e-06)
(472, 473, 1.00006300396925e-06)
(473, 474, 1.00006300396925e-06)
(474, 475, 1.00006300396925e-06)
(475, 476, 1.00006300396925e-06)
(476, 477, 1.00006300396925e-06)
(477, 478, 1.00006300396925e-06)
(478, 479, 1.00006300396925e-06)
(479, 480, 1.00006300396925e-06)
(480, 481, 1.00006300396925e-06)
(481, 482, 1.00006300396925e-06)
(482, 483, 1.00006300396925e-06)
(483, 484, 1.00006300396925e-06)
(484, 485, 1.00006300396925e-06)
(485, 486, 1.00006300396925e-06)
(486, 487, 1.00006300396925e-06)
(487, 488, 1.00006300396925e-06)
(488, 489, 1.00006300396925e-06)
(489, 490, 1.00006300396925e-06)
(490, 491, 1.00006300396925e-06)
(491, 492, 1.00006300396925e-06)
(492, 493, 1.00006300396925e-06)
(493, 494, 1.00006300396925e-06)
(494, 495, 1.00006300396925e-06)
(495, 496, 1.00006300396925e-06)
(496, 497, 1.00006300396925e-06)
(497, 498, 1.00006300396925e-06)
(498, 499, 1.00006300396925e-06)
(499, 500, 1.00006300396925e-06)
(500, 501, 1.00006300396925e-06)
(501, 502, 1.00006300396925e-06)
(502, 503, 1.00006300396925e-06)
(503, 504, 1.00006300396925e-06)
(504, 505, 1.00006300396925e-06)
(505, 506, 1.00006300396925e-06)
(506, 507, 1.00006300396925e-06)
(507, 508, 1.00006300396925e-06)
(508, 509, 1.00006300396925e-06)
(509, 510, 1.00006300396925e-06)
(510, 511, 1.00006300396925e-06)
(511, 512, 1.00006300396925e-06)
(512, 513, 1.00006300396925e-06)
(513, 514, 1.00006300396925e-06)
(514, 515, 1.00006300396925e-06)
(515, 516, 1.00006300396925e-06)
(516, 517, 1.00006300396925e-06)
(517, 518, 1.00006300396925e-06)
(518, 519, 1.00006300396925e-06)
(519, 520, 1.00006300396925e-06)
(520, 521, 1.00006300396925e-06)
(521, 522, 1.00006300396925e-06)
(522, 523, 1.00006300396925e-06)
(523, 524, 1.00006300396925e-06)
(524, 525, 1.00006300396925e-06)
(525, 526, 1.00006300396925e-06)
(526, 527, 1.00006300396925e-06)
(527, 528, 1.00006300396925e-06)
(528, 529, 1.00006300396925e-06)
(529, 530, 1.00006300396925e-06)
(530, 531, 1.00006300396925e-06)
(531, 532, 1.00006300396925e-06)
(532, 533, 1.00006300396925e-06)
(533, 534, 1.00006300396925e-06)
(534, 535, 1.00006300396925e-06)
(535, 536, 1.00006300396925e-06)
(536, 537, 1.00006300396925e-06)
(537, 538, 1.00006300396925e-06)
(538, 539, 1.00006300396925e-06)
(539, 540, 1.00006300396925e-06)
(540, 541, 1.00006300396925e-06)
(541, 542, 1.00006300396925e-06)
(542, 543, 1.00006300396925e-06)
(543, 544, 1.00006300396925e-06)
(544, 545, 1.00006300396925e-06)
(545, 546, 1.00006300396925e-06)
(546, 547, 1.00006300396925e-06)
(547, 548, 1.00006300396925e-06)
(548, 549, 1.00006300396925e-06)
(549, 550, 1.00006300396925e-06)
(550, 551, 1.00006300396925e-06)
(551, 552, 1.00006300396925e-06)
(552, 553, 1.00006300396925e-06)
(553, 554, 1.00006300396925e-06)
(554, 555, 1.00006300396925e-06)
(555, 556, 1.00006300396925e-06)
(556, 557, 1.00006300396925e-06)
(557, 558, 1.00006300396925e-06)
(558, 559, 1.00006300396925e-06)
(559, 560, 1.00006300396925e-06)
(560, 561, 1.00006300396925e-06)
(561, 562, 1.00006300396925e-06)
(562, 563, 1.00006300396925e-06)
(563, 564, 1.00006300396925e-06)
(564, 565, 1.00006300396925e-06)
(565, 566, 1.00006300396925e-06)
(566, 567, 1.00006300396925e-06)
(567, 568, 1.00006300396925e-06)
(568, 569, 1.00006300396925e-06)
(569, 570, 1.00006300396925e-06)
(570, 571, 1.00006300396925e-06)
(571, 572, 1.00006300396925e-06)
(572, 573, 1.00006300396925e-06)
(573, 574, 1.00006300396925e-06)
(574, 575, 1.00006300396925e-06)
(575, 576, 1.00006300396925e-06)
(576, 577, 1.00006300396925e-06)
(577, 578, 1.00006300396925e-06)
(578, 579, 1.00006300396925e-06)
(579, 580, 1.00006300396925e-06)
(580, 581, 1.00006300396925e-06)
(581, 582, 1.00006300396925e-06)
(582, 583, 1.00006300396925e-06)
(583, 584, 1.00006300396925e-06)
(584, 585, 1.00006300396925e-06)
(585, 586, 1.00006300396925e-06)
(586, 587, 1.00006300396925e-06)
(587, 588, 1.00006300396925e-06)
(588, 589, 1.00006300396925e-06)
(589, 590, 1.00006300396925e-06)
(590, 591, 1.00006300396925e-06)
(591, 592, 1.00006300396925e-06)
(592, 593, 1.00006300396925e-06)
(593, 594, 1.00006300396925e-06)
(594, 595, 1.00006300396925e-06)
(595, 596, 1.00006300396925e-06)
(596, 597, 1.00006300396925e-06)
(597, 598, 1.00006300396925e-06)
(598, 599, 1.00006300396925e-06)
(599, 600, 1.00006300396925e-06)
(600, 601, 1.00006300396925e-06)
(601, 602, 1.00006300396925e-06)
(602, 603, 1.00006300396925e-06)
(603, 604, 1.00006300396925e-06)
(604, 605, 1.00006300396925e-06)
(605, 606, 1.00006300396925e-06)
(606, 607, 1.00006300396925e-06)
(607, 608, 1.00006300396925e-06)
