(6398016, 6397952)
(6398048, 6397984)
(6398080, 6398016)
(6398112, 6398048)
(6398144, 6398080)
(6398176, 6398112)
(6398208, 6398144)
(6398240, 6398176)
(6398272, 6398208)
(6398304, 6398240)
(6398336, 6398272)
(6398368, 6398304)
(6398400, 6398336)
(6398432, 6398368)
(6398464, 6398400)
(6398496, 6398432)
(6398528, 6398464)
(6398560, 6398496)
(6398593, 6398528)
(6398624, 6398560)
(6398656, 6398591)
(6398688, 6398624)
(6398720, 6398656)
(6398752, 6398688)
(6398784, 6398720)
(6398816, 6398752)
(6398848, 6398784)
(6398880, 6398816)
(6398912, 6398848)
(6398944, 6398880)
(6398976, 6398912)
(6399008, 6398944)
(6399040, 6398976)
(6399072, 6399008)
(6399104, 6399040)
(6399136, 6399072)
(6399168, 6399104)
(6399200, 6399136)
(6399232, 6399168)
(6399264, 6399200)
(6399296, 6399232)
(6399328, 6399264)
(6399360, 6399296)
(6399392, 6399328)
(6399424, 6399360)
(6399456, 6399392)
(6399488, 6399424)
(6399520, 6399456)
(6399552, 6399488)
(6399584, 6399520)
(6399616, 6399552)
(6399648, 6399584)
(6399680, 6399616)
(6399712, 6399648)
(6399744, 6399680)
(6399776, 6399712)
(6399808, 6399744)
(6399840, 6399776)
(6399872, 6399808)
(6399904, 6399840)
(6399936, 6399872)
(6399968, 6399904)
(6400000, 6399936)
(6400032, 6399968)
(6400064, 6400000)
(6400096, 6400032)
(6400128, 6400064)
(6400160, 6400096)
(6400192, 6400128)
(6400224, 6400160)
(6400256, 6400192)
(6400288, 6400224)
(6400320, 6400256)
(6400352, 6400288)
(6400384, 6400320)
(6400416, 6400352)
(6400448, 6400384)
(6400480, 6400416)
(6400512, 6400448)
(6400544, 6400480)
(6400576, 6400512)
(6400608, 6400544)
(6400640, 6400576)
(6400672, 6400608)
(6400704, 6400640)
(6400736, 6400672)
(6400768, 6400704)
(6400800, 6400736)
(6400832, 6400768)
(6400864, 6400800)
(6400896, 6400832)
(6400928, 6400864)
(6400960, 6400896)
(6400992, 6400928)
(6401024, 6400960)
(6401056, 6400992)
(6401088, 6401024)
(6401120, 6401056)
(6401152, 6401088)
(6401184, 6401120)
(6401216, 6401152)
(6401248, 6401184)
(6401280, 6401216)
(6401312, 6401248)
(6401344, 6401280)
(6401376, 6401312)
(6401408, 6401344)
(6401440, 6401376)
(6401472, 6401408)
(6401504, 6401440)
(6401536, 6401472)
(6401568, 6401504)
(6401600, 6401536)
(6401632, 6401568)
(6401664, 6401600)
(6401696, 6401632)
(6401728, 6401664)
(6401760, 6401696)
(6401792, 6401728)
(6401824, 6401760)
(6401856, 6401792)
(6401889, 6401824)
(6401920, 6401856)
(6401952, 6401887)
(6401984, 6401920)
(6402016, 6401952)
(6402048, 6401984)
(6402080, 6402016)
(6402112, 6402048)
(6402144, 6402080)
(6402176, 6402112)
(6402208, 6402144)
(6402240, 6402176)
(6402272, 6402208)
(6402304, 6402240)
(6402336, 6402272)
(6402368, 6402304)
(6402400, 6402336)
(6402433, 6402368)
(6402464, 6402400)
(6402496, 6402431)
(6402528, 6402464)
(6402560, 6402496)
(6402592, 6402528)
(6402624, 6402560)
(6402656, 6402592)
(6402688, 6402624)
(6402720, 6402656)
(6402752, 6402688)
(6402784, 6402720)
(6402816, 6402752)
(6402848, 6402784)
(6402880, 6402816)
(6402912, 6402848)
(6402944, 6402880)
(6402976, 6402912)
(6403008, 6402944)
(6403040, 6402976)
(6403072, 6403008)
(6403104, 6403040)
(6403136, 6403072)
(6403168, 6403104)
(6403200, 6403136)
(6403232, 6403168)
(6403264, 6403200)
(6403296, 6403232)
(6403328, 6403264)
(6403360, 6403296)
(6403392, 6403328)
(6403424, 6403360)
(6403456, 6403392)
(6403488, 6403424)
(6403521, 6403456)
(6403552, 6403488)
(6403584, 6403519)
(6403616, 6403552)
(6403648, 6403584)
(6403680, 6403616)
(6403712, 6403648)
(6403744, 6403680)
(6403776, 6403712)
(6403808, 6403744)
(6403840, 6403776)
(6403872, 6403808)
(6403904, 6403840)
(6403936, 6403872)
(6403968, 6403904)
(6404000, 6403936)
(6404032, 6403968)
(6404064, 6404000)
(6404096, 6404032)
(6404128, 6404064)
(6404160, 6404096)
(6404192, 6404128)
(6404224, 6404160)
(6404256, 6404192)
(6404288, 6404224)
(6404320, 6404256)
(6404353, 6404288)
(6404384, 6404320)
(6404416, 6404351)
(6404448, 6404384)
(6404480, 6404416)
(6404512, 6404448)
(6404544, 6404480)
(6404576, 6404512)
(6404608, 6404544)
(6404640, 6404576)
(6404672, 6404608)
(6404704, 6404640)
(6404736, 6404672)
(6404768, 6404704)
(6404800, 6404736)
(6404832, 6404768)
(6404864, 6404800)
(6404896, 6404832)
(6404928, 6404864)
(6404960, 6404896)
(6404992, 6404928)
(6405024, 6404960)
(6405056, 6404992)
(6405088, 6405024)
(6405120, 6405056)
(6405152, 6405088)
(6405184, 6405120)
(6405216, 6405152)
(6405248, 6405184)
(6405280, 6405216)
(6405312, 6405248)
(6405344, 6405280)
(6405376, 6405312)
(6405408, 6405344)
(6405440, 6405376)
(6405472, 6405408)
(6405504, 6405440)
(6405536, 6405472)
(6405568, 6405504)
(6405600, 6405536)
(6405632, 6405568)
(6405664, 6405600)
(6405696, 6405632)
(6405728, 6405664)
(6405760, 6405696)
(6405792, 6405728)
(6405824, 6405760)
(6405856, 6405792)
(6405888, 6405824)
(6405920, 6405856)
(6405952, 6405888)
(6405984, 6405920)
(6406016, 6405952)
(6406048, 6405984)
(6406080, 6406016)
(6406112, 6406048)
(6406144, 6406080)
(6406176, 6406112)
(6406209, 6406144)
(6406240, 6406176)
(6406272, 6406207)
(6406304, 6406240)
(6406336, 6406272)
(6406368, 6406304)
(6406400, 6406336)
(6406432, 6406368)
(6406464, 6406400)
(6406496, 6406432)
(6406528, 6406464)
(6406560, 6406496)
(6406592, 6406528)
(6406624, 6406560)
(6406656, 6406592)
(6406688, 6406624)
(6406720, 6406656)
(6406752, 6406688)
(6406784, 6406720)
(6406816, 6406752)
(6406848, 6406784)
(6406880, 6406816)
(6406912, 6406848)
(6406944, 6406880)
(6406976, 6406912)
(6407008, 6406944)
(6407040, 6406976)
(6407072, 6407008)
(6407104, 6407040)
(6407136, 6407072)
(6407168, 6407104)
(6407200, 6407136)
(6407232, 6407168)
(6407264, 6407200)
(6407297, 6407232)
(6407328, 6407264)
(6407360, 6407295)
(6407392, 6407328)
(6407424, 6407360)
(6407456, 6407392)
(6407488, 6407424)
(6407520, 6407456)
(6407552, 6407488)
(6407584, 6407520)
(6407616, 6407552)
(6407648, 6407584)
(6407680, 6407616)
(6407712, 6407648)
(6407744, 6407680)
(6407776, 6407712)
(6407808, 6407744)
(6407840, 6407776)
(6407872, 6407808)
(6407904, 6407840)
(6407936, 6407872)
(6407968, 6407904)
(6408000, 6407936)
(6408032, 6407968)
(6408064, 6408000)
(6408096, 6408032)
(6408128, 6408064)
(6408160, 6408096)
(6408192, 6408128)
(6408224, 6408160)
(6408256, 6408192)
(6408288, 6408224)
(6408320, 6408256)
(6408352, 6408288)
(6408384, 6408320)
(6408416, 6408352)
(6408448, 6408384)
(6408480, 6408416)
(6408512, 6408448)
(6408544, 6408480)
(6408576, 6408512)
(6408608, 6408544)
(6408640, 6408576)
(6408672, 6408608)
(6408705, 6408640)
(6408736, 6408672)
(6408768, 6408703)
(6408800, 6408736)
(6408832, 6408768)
(6408864, 6408800)
(6408896, 6408832)
(6408928, 6408864)
(6408960, 6408896)
(6408992, 6408928)
(6409024, 6408960)
(6409056, 6408992)
(6409088, 6409024)
(6409120, 6409056)
(6409152, 6409088)
(6409184, 6409120)
(6409216, 6409152)
(6409248, 6409184)
(6409280, 6409216)
(6409312, 6409248)
(6409344, 6409280)
(6409376, 6409312)
(6409408, 6409344)
(6409440, 6409376)
(6409472, 6409408)
(6409504, 6409440)
(6409536, 6409472)
(6409568, 6409504)
(6409600, 6409536)
(6409632, 6409568)
(6409664, 6409600)
(6409696, 6409632)
(6409728, 6409664)
(6409760, 6409696)
(6409792, 6409728)
(6409824, 6409760)
(6409856, 6409792)
(6409888, 6409824)
(6409920, 6409856)
(6409952, 6409888)
(6409984, 6409920)
(6410017, 6409952)
(6410048, 6409984)
(6410080, 6410015)
(6410112, 6410048)
(6410144, 6410080)
(6410176, 6410112)
(6410208, 6410144)
(6410240, 6410176)
(6410272, 6410208)
(6410304, 6410240)
(6410336, 6410272)
(6410368, 6410304)
(6410400, 6410336)
(6410432, 6410368)
(6410464, 6410400)
(6410496, 6410432)
(6410528, 6410464)
(6410560, 6410496)
(6410592, 6410528)
(6410624, 6410560)
(6410656, 6410592)
(6410688, 6410624)
(6410720, 6410656)
(6410752, 6410688)
(6410784, 6410720)
(6410816, 6410752)
(6410848, 6410784)
(6410880, 6410816)
(6410912, 6410848)
(6410944, 6410880)
(6410976, 6410912)
(6411008, 6410944)
(6411040, 6410976)
(6411072, 6411008)
(6411104, 6411040)
(6411137, 6411072)
(6411168, 6411104)
(6411200, 6411135)
(6411232, 6411168)
(6411264, 6411200)
(6411296, 6411232)
(6411328, 6411264)
(6411360, 6411296)
(6411392, 6411328)
(6411424, 6411360)
(6411456, 6411392)
(6411488, 6411424)
(6411520, 6411456)
(6411552, 6411488)
(6411584, 6411520)
(6411616, 6411552)
(6411648, 6411584)
(6411680, 6411616)
(6411712, 6411648)
(6411744, 6411680)
(6411776, 6411712)
(6411808, 6411744)
(6411840, 6411776)
(6411872, 6411808)
(6411904, 6411840)
(6411936, 6411872)
(6411968, 6411904)
(6412000, 6411936)
(6412032, 6411968)
(6412065, 6412000)
(6412096, 6412032)
(6412128, 6412063)
(6412160, 6412096)
(6412192, 6412128)
(6412224, 6412160)
(6412256, 6412192)
(6412288, 6412224)
(6412320, 6412256)
(6412352, 6412288)
(6412384, 6412320)
(6412416, 6412352)
(6412448, 6412384)
(6412480, 6412416)
(6412512, 6412448)
(6412544, 6412480)
(6412576, 6412512)
(6412608, 6412544)
(6412640, 6412576)
(6412672, 6412608)
(6412704, 6412640)
(6412736, 6412672)
(6412768, 6412704)
(6412800, 6412736)
(6412832, 6412768)
(6412864, 6412800)
(6412896, 6412832)
(6412928, 6412864)
(6412960, 6412896)
(6412992, 6412928)
(6413024, 6412960)
(6413056, 6412992)
(6413088, 6413024)
(6413120, 6413056)
(6413152, 6413088)
(6413184, 6413120)
(6413216, 6413152)
(6413248, 6413184)
(6413280, 6413216)
(6413312, 6413248)
(6413344, 6413280)
(6413376, 6413312)
(6413408, 6413344)
(6413441, 6413376)
(6413472, 6413408)
(6413504, 6413439)
(6413536, 6413472)
(6413568, 6413504)
(6413600, 6413536)
(6413632, 6413568)
(6413664, 6413600)
(6413696, 6413632)
(6413728, 6413664)
(6413760, 6413696)
(6413793, 6413728)
(6413824, 6413760)
(6413856, 6413791)
(6413888, 6413824)
(6413920, 6413856)
(6413952, 6413888)
(6413984, 6413920)
(6414016, 6413952)
(6414048, 6413984)
(6414080, 6414016)
(6414112, 6414048)
(6414144, 6414080)
(6414176, 6414112)
(6414208, 6414144)
(6414240, 6414176)
(6414272, 6414208)
(6414304, 6414240)
(6414336, 6414272)
(6414368, 6414304)
(6414400, 6414336)
(6414432, 6414368)
(6414464, 6414400)
(6414496, 6414432)
(6414528, 6414464)
(6414560, 6414496)
(6414592, 6414528)
(6414624, 6414560)
(6414656, 6414592)
(6414688, 6414624)
(6414720, 6414656)
(6414752, 6414688)
(6414784, 6414720)
(6414816, 6414752)
(6414848, 6414784)
(6414880, 6414816)
(6414912, 6414848)
(6414944, 6414880)
(6414977, 6414912)
(6415008, 6414944)
(6415040, 6414975)
(6415072, 6415008)
(6415104, 6415040)
(6415136, 6415072)
(6415168, 6415104)
(6415200, 6415136)
(6415232, 6415168)
(6415264, 6415200)
(6415296, 6415232)
(6415328, 6415264)
(6415360, 6415296)
(6415392, 6415328)
(6415424, 6415360)
(6415456, 6415392)
(6415488, 6415424)
(6415520, 6415456)
(6415553, 6415488)
(6415584, 6415520)
(6415616, 6415551)
(6415648, 6415584)
(6415680, 6415616)
(6415712, 6415648)
(6415744, 6415680)
(6415776, 6415712)
(6415808, 6415744)
(6415840, 6415776)
(6415873, 6415808)
(6415904, 6415840)
(6415936, 6415871)
(6415968, 6415904)
(6416000, 6415936)
(6416032, 6415968)
(6416064, 6416000)
(6416096, 6416032)
(6416128, 6416064)
(6416160, 6416096)
(6416192, 6416128)
(6416225, 6416160)
(6416256, 6416192)
(6416288, 6416223)
(6416320, 6416256)
(6416352, 6416288)
(6416384, 6416320)
(6416416, 6416352)
(6416448, 6416384)
(6416480, 6416416)
(6416512, 6416448)
(6416545, 6416480)
(6416576, 6416512)
(6416608, 6416543)
(6416640, 6416576)
(6416672, 6416608)
(6416704, 6416640)
(6416736, 6416672)
(6416768, 6416704)
(6416800, 6416736)
(6416832, 6416768)
(6416864, 6416800)
(6416898, 6416832)
(6416929, 6416864)
(6416960, 6416894)
(6416992, 6416927)
(6417024, 6416960)
(6417056, 6416992)
(6417088, 6417024)
(6417120, 6417056)
(6417152, 6417088)
(6417184, 6417120)
(6417216, 6417152)
(6417248, 6417184)
(6417280, 6417216)
(6417313, 6417248)
(6417344, 6417280)
(6417376, 6417311)
(6417409, 6417344)
(6417440, 6417376)
(6417472, 6417407)
(6417504, 6417440)
(6417536, 6417472)
(6417568, 6417504)
(6417600, 6417536)
(6417632, 6417568)
(6417664, 6417600)
(6417697, 6417600)
(6417728, 6417632)
(6417760, 6417632)
(6417792, 6417632)
(6417824, 6417760)
(6417856, 6417792)
(6417889, 6417824)
(6417920, 6417856)
(6417952, 6417887)
(6417984, 6417920)
(6418016, 6417952)
(6418048, 6417984)
(6418080, 6418016)
(6418112, 6418048)
(6418144, 6418080)
(6418176, 6418112)
(6418208, 6418144)
(6418240, 6418176)
(6418272, 6418208)
(6418304, 6418240)
(6418336, 6418272)
(6418368, 6418304)
(6418400, 6418336)
(6418432, 6418368)
(6418464, 6418400)
(6418496, 6418432)
(6418528, 6418464)
(6418560, 6418496)
(6418592, 6418528)
(6418624, 6418560)
(6418656, 6418592)
(6418688, 6418624)
(6418720, 6418656)
(6418752, 6418688)
(6418784, 6418720)
(6418816, 6418752)
(6418848, 6418784)
(6418880, 6418816)
(6418913, 6418848)
(6418944, 6418880)
(6418976, 6418911)
(6419008, 6418944)
(6419040, 6418976)
(6419072, 6419008)
(6419104, 6419040)
(6419136, 6419072)
(6419168, 6419104)
(6419200, 6419136)
(6419232, 6419168)
(6419264, 6419200)
(6419296, 6419232)
(6419329, 6419264)
(6419360, 6419296)
(6419392, 6419327)
(6419424, 6419360)
(6419456, 6419392)
(6419488, 6419424)
(6419520, 6419456)
(6419552, 6419488)
(6419584, 6419520)
(6419616, 6419552)
(6419648, 6419584)
(6419680, 6419616)
(6419712, 6419648)
(6419744, 6419680)
(6419776, 6419712)
(6419808, 6419744)
(6419840, 6419776)
(6419872, 6419808)
(6419904, 6419840)
(6419936, 6419872)
(6419968, 6419904)
(6420000, 6419936)
(6420032, 6419968)
(6420064, 6420000)
(6420096, 6420032)
(6420128, 6420064)
(6420160, 6420096)
(6420192, 6420128)
(6420225, 6420160)
(6420256, 6420192)
(6420288, 6420223)
(6420320, 6420256)
(6420352, 6420288)
(6420384, 6420320)
(6420416, 6420352)
(6420449, 6420384)
(6420480, 6420416)
(6420512, 6420447)
(6420544, 6420480)
(6420576, 6420512)
(6420608, 6420544)
(6420640, 6420576)
(6420673, 6420608)
(6420704, 6420640)
(6420737, 6420671)
(6420768, 6420704)
(6420800, 6420735)
(6420832, 6420768)
(6420864, 6420800)
(6420896, 6420832)
(6420928, 6420864)
(6420960, 6420896)
(6420992, 6420928)
(6421024, 6420960)
(6421056, 6420992)
(6421088, 6421024)
(6421120, 6421056)
(6421152, 6421088)
(6421184, 6421120)
(6421216, 6421152)
(6421248, 6421184)
(6421280, 6421216)
(6421312, 6421248)
(6421344, 6421280)
(6421376, 6421312)
(6421408, 6421344)
(6421440, 6421376)
(6421472, 6421408)
(6421505, 6421440)
(6421536, 6421472)
(6421568, 6421503)
(6421600, 6421536)
(6421632, 6421568)
(6421664, 6421600)
(6421696, 6421632)
(6421728, 6421664)
(6421760, 6421696)
(6421792, 6421728)
(6421824, 6421760)
(6421856, 6421792)
(6421888, 6421824)
(6421920, 6421856)
(6421952, 6421888)
(6421984, 6421920)
(6422016, 6421952)
(6422048, 6421984)
(6422080, 6422016)
(6422112, 6422048)
(6422144, 6422080)
(6422176, 6422112)
(6422208, 6422144)
(6422240, 6422176)
(6422272, 6422208)
(6422304, 6422240)
(6422336, 6422272)
(6422368, 6422304)
(6422400, 6422336)
(6422432, 6422368)
(6422464, 6422400)
(6422496, 6422432)
(6422528, 6422464)
(6422560, 6422496)
(6422592, 6422528)
(6422624, 6422560)
(6422656, 6422592)
(6422688, 6422624)
(6422720, 6422656)
(6422752, 6422688)
(6422784, 6422720)
(6422816, 6422752)
(6422848, 6422784)
(6422880, 6422816)
(6422912, 6422848)
(6422944, 6422880)
(6422976, 6422912)
(6423008, 6422944)
(6423040, 6422976)
(6423072, 6423008)
(6423104, 6423040)
(6423136, 6423072)
(6423168, 6423104)
(6423200, 6423136)
(6423232, 6423168)
(6423264, 6423200)
(6423296, 6423232)
(6423328, 6423264)
(6423360, 6423296)
(6423392, 6423328)
(6423424, 6423360)
(6423457, 6423392)
(6423488, 6423424)
(6423520, 6423455)
(6423552, 6423488)
(6423584, 6423520)
(6423616, 6423552)
(6423648, 6423584)
(6423680, 6423616)
(6423712, 6423648)
(6423744, 6423680)
(6423776, 6423712)
(6423808, 6423744)
(6423840, 6423776)
(6423872, 6423808)
(6423904, 6423840)
(6423936, 6423872)
(6423968, 6423904)
(6424000, 6423936)
(6424033, 6423936)
(6424064, 6423936)
(6424097, 6423936)
(6424130, 6423936)
(6424160, 6423936)
(6424192, 6423936)
(6424227, 6423936)
(6424257, 6423936)
(6424289, 6423936)
(6424320, 6423936)
(6424352, 6424287)
(6424384, 6424320)
(6424416, 6424352)
(6424448, 6424384)
(6424480, 6424416)
(6424512, 6424448)
(6424544, 6424480)
(6424576, 6424512)
(6424608, 6424544)
(6424640, 6424576)
(6424672, 6424608)
(6424704, 6424640)
(6424736, 6424672)
(6424768, 6424704)
(6424800, 6424736)
(6424832, 6424768)
(6424864, 6424800)
(6424896, 6424832)
(6424928, 6424864)
(6424960, 6424896)
(6424992, 6424928)
(6425024, 6424960)
(6425056, 6424992)
(6425088, 6425024)
(6425120, 6425056)
(6425152, 6425088)
(6425184, 6425120)
(6425216, 6425152)
(6425248, 6425184)
(6425280, 6425216)
(6425312, 6425248)
(6425344, 6425280)
(6425376, 6425312)
(6425408, 6425344)
(6425440, 6425376)
(6425472, 6425408)
(6425504, 6425440)
(6425536, 6425472)
(6425568, 6425504)
(6425601, 6425536)
(6425632, 6425568)
(6425664, 6425599)
(6425696, 6425632)
(6425728, 6425664)
(6425760, 6425696)
(6425792, 6425728)
(6425824, 6425760)
(6425856, 6425792)
(6425888, 6425824)
(6425920, 6425856)
(6425952, 6425888)
(6425984, 6425920)
(6426016, 6425952)
(6426048, 6425984)
(6426080, 6426016)
(6426112, 6426048)
(6426144, 6426080)
(6426176, 6426112)
(6426208, 6426144)
(6426240, 6426176)
(6426272, 6426208)
(6426304, 6426240)
(6426336, 6426272)
(6426368, 6426304)
(6426400, 6426336)
(6426432, 6426368)
(6426464, 6426400)
(6426496, 6426432)
(6426528, 6426464)
(6426560, 6426496)
(6426592, 6426528)
(6426624, 6426560)
(6426656, 6426592)
(6426688, 6426624)
(6426720, 6426656)
(6426752, 6426688)
(6426784, 6426720)
(6426816, 6426752)
(6426848, 6426784)
(6426880, 6426816)
(6426912, 6426848)
(6426944, 6426880)
(6426976, 6426912)
(6427008, 6426944)
(6427040, 6426976)
(6427072, 6427008)
(6427104, 6427040)
(6427136, 6427072)
(6427168, 6427104)
(6427200, 6427136)
(6427232, 6427168)
(6427264, 6427200)
(6427296, 6427232)
(6427328, 6427264)
(6427360, 6427296)
(6427392, 6427328)
(6427424, 6427360)
(6427456, 6427392)
(6427488, 6427424)
(6427520, 6427456)
(6427552, 6427488)
(6427584, 6427520)
(6427616, 6427552)
(6427648, 6427584)
(6427680, 6427616)
(6427712, 6427648)
(6427744, 6427680)
(6427776, 6427712)
(6427808, 6427744)
(6427840, 6427776)
(6427872, 6427808)
(6427904, 6427840)
(6427936, 6427872)
(6427968, 6427904)
(6428000, 6427936)
(6428032, 6427968)
(6428064, 6428000)
(6428096, 6428032)
(6428128, 6428064)
(6428160, 6428096)
(6428192, 6428128)
(6428224, 6428160)
(6428256, 6428192)
(6428288, 6428224)
(6428320, 6428256)
(6428352, 6428288)
(6428384, 6428320)
(6428416, 6428352)
(6428448, 6428384)
(6428480, 6428416)
(6428512, 6428448)
(6428544, 6428480)
(6428576, 6428512)
(6428608, 6428544)
(6428640, 6428576)
(6428672, 6428608)
(6428704, 6428640)
(6428736, 6428672)
(6428768, 6428704)
(6428800, 6428736)
(6428832, 6428768)
(6428864, 6428800)
(6428896, 6428832)
(6428928, 6428864)
(6428960, 6428896)
(6428992, 6428928)
(6429024, 6428960)
(6429056, 6428992)
(6429088, 6429024)
(6429120, 6429056)
(6429152, 6429088)
(6429184, 6429120)
(6429216, 6429152)
(6429248, 6429184)
(6429280, 6429216)
(6429312, 6429248)
(6429344, 6429280)
(6429376, 6429312)
(6429408, 6429344)
(6429440, 6429376)
(6429472, 6429408)
(6429504, 6429440)
(6429536, 6429472)
(6429568, 6429504)
(6429600, 6429536)
(6429632, 6429568)
(6429664, 6429600)
(6429696, 6429632)
(6429728, 6429664)
(6429760, 6429696)
(6429792, 6429728)
(6429824, 6429760)
(6429856, 6429792)
(6429888, 6429824)
(6429920, 6429856)
(6429952, 6429888)
(6429984, 6429920)
(6430016, 6429952)
(6430048, 6429984)
(6430080, 6430016)
(6430112, 6430048)
(6430144, 6430080)
(6430177, 6430112)
(6430208, 6430144)
(6430240, 6430175)
(6430272, 6430208)
(6430304, 6430240)
(6430336, 6430272)
(6430368, 6430304)
(6430400, 6430336)
(6430432, 6430368)
(6430464, 6430400)
(6430496, 6430432)
(6430528, 6430464)
(6430560, 6430496)
(6430592, 6430528)
(6430624, 6430560)
(6430656, 6430592)
(6430688, 6430624)
(6430720, 6430656)
(6430752, 6430688)
(6430784, 6430720)
(6430816, 6430752)
(6430848, 6430784)
(6430880, 6430816)
(6430912, 6430848)
(6430944, 6430880)
(6430976, 6430912)
(6431008, 6430944)
(6431040, 6430976)
(6431072, 6431008)
(6431104, 6431040)
(6431136, 6431072)
(6431168, 6431104)
(6431200, 6431136)
(6431232, 6431168)
(6431264, 6431200)
(6431296, 6431232)
(6431328, 6431264)
(6431360, 6431296)
(6431392, 6431328)
(6431424, 6431360)
(6431456, 6431392)
(6431488, 6431424)
(6431520, 6431456)
(6431552, 6431488)
(6431584, 6431520)
(6431616, 6431552)
(6431648, 6431584)
(6431680, 6431616)
(6431712, 6431648)
(6431744, 6431680)
(6431776, 6431712)
(6431808, 6431744)
(6431840, 6431776)
(6431872, 6431808)
(6431904, 6431840)
(6431936, 6431872)
(6431968, 6431904)
(6432000, 6431936)
(6432032, 6431968)
(6432064, 6432000)
(6432096, 6432032)
(6432128, 6432064)
(6432160, 6432096)
(6432192, 6432128)
(6432224, 6432160)
(6432256, 6432192)
(6432288, 6432224)
(6432320, 6432256)
(6432352, 6432288)
(6432384, 6432320)
(6432416, 6432352)
(6432448, 6432384)
(6432480, 6432416)
(6432513, 6432448)
(6432544, 6432480)
(6432577, 6432511)
(6432608, 6432544)
(6432640, 6432575)
(6432672, 6432608)
(6432704, 6432640)
(6432736, 6432672)
(6432768, 6432704)
(6432800, 6432736)
(6432832, 6432768)
(6432864, 6432800)
(6432896, 6432832)
(6432928, 6432864)
(6432960, 6432896)
(6432993, 6432928)
(6433024, 6432960)
(6433056, 6432991)
(6433088, 6433024)
(6433120, 6433056)
(6433152, 6433088)
(6433184, 6433120)
(6433216, 6433152)
(6433248, 6433184)
(6433280, 6433216)
(6433312, 6433248)
(6433344, 6433280)
(6433376, 6433312)
(6433408, 6433344)
(6433440, 6433376)
(6433472, 6433408)
(6433504, 6433440)
(6433536, 6433472)
(6433568, 6433504)
(6433600, 6433536)
(6433632, 6433568)
(6433664, 6433600)
(6433696, 6433632)
(6433728, 6433664)
(6433760, 6433696)
(6433792, 6433728)
(6433824, 6433760)
(6433856, 6433792)
(6433888, 6433824)
(6433920, 6433856)
(6433952, 6433888)
(6433984, 6433920)
(6434016, 6433952)
(6434048, 6433984)
(6434080, 6434016)
(6434112, 6434048)
(6434144, 6434080)
(6434176, 6434112)
(6434209, 6434144)
(6434240, 6434176)
(6434272, 6434207)
(6434304, 6434240)
(6434336, 6434272)
(6434368, 6434304)
(6434400, 6434336)
(6434432, 6434368)
(6434464, 6434400)
(6434496, 6434432)
(6434528, 6434464)
(6434560, 6434496)
(6434592, 6434528)
(6434624, 6434560)
(6434656, 6434592)
(6434688, 6434624)
(6434720, 6434656)
(6434752, 6434688)
(6434784, 6434720)
(6434816, 6434752)
(6434848, 6434784)
(6434880, 6434816)
(6434912, 6434848)
(6434944, 6434880)
(6434976, 6434912)
(6435008, 6434944)
(6435040, 6434976)
(6435072, 6435008)
(6435104, 6435040)
(6435136, 6435072)
(6435168, 6435104)
(6435200, 6435136)
(6435232, 6435168)
(6435264, 6435200)
(6435296, 6435232)
(6435328, 6435264)
(6435360, 6435296)
(6435392, 6435328)
(6435424, 6435360)
(6435456, 6435392)
(6435488, 6435424)
(6435520, 6435456)
(6435552, 6435488)
(6435584, 6435520)
(6435616, 6435552)
(6435648, 6435584)
(6435680, 6435616)
(6435712, 6435648)
(6435744, 6435680)
(6435776, 6435712)
(6435808, 6435744)
(6435840, 6435776)
(6435872, 6435808)
(6435904, 6435840)
(6435936, 6435872)
(6435968, 6435904)
(6436000, 6435936)
(6436032, 6435968)
(6436065, 6436000)
(6436096, 6436032)
(6436128, 6436063)
(6436160, 6436096)
(6436192, 6436128)
(6436224, 6436160)
(6436256, 6436192)
(6436288, 6436224)
(6436320, 6436256)
(6436352, 6436288)
(6436384, 6436320)
(6436416, 6436352)
(6436448, 6436384)
(6436480, 6436416)
(6436512, 6436448)
(6436544, 6436480)
(6436576, 6436512)
(6436608, 6436544)
(6436640, 6436576)
(6436672, 6436608)
(6436704, 6436640)
(6436736, 6436672)
(6436768, 6436704)
(6436800, 6436736)
(6436832, 6436768)
(6436864, 6436800)
(6436896, 6436832)
(6436928, 6436864)
(6436960, 6436896)
(6436992, 6436928)
(6437024, 6436960)
(6437056, 6436992)
(6437088, 6437024)
(6437120, 6437056)
(6437152, 6437088)
(6437184, 6437120)
(6437216, 6437152)
(6437248, 6437184)
(6437280, 6437216)
(6437312, 6437248)
(6437344, 6437280)
(6437376, 6437312)
(6437408, 6437344)
(6437440, 6437376)
(6437472, 6437408)
(6437504, 6437440)
(6437536, 6437472)
(6437569, 6437504)
(6437600, 6437536)
(6437632, 6437567)
(6437664, 6437600)
(6437696, 6437632)
(6437728, 6437664)
(6437760, 6437696)
(6437792, 6437728)
(6437824, 6437760)
(6437856, 6437792)
(6437888, 6437824)
(6437920, 6437856)
(6437952, 6437888)
(6437984, 6437920)
(6438016, 6437952)
(6438048, 6437984)
(6438080, 6438016)
(6438112, 6438048)
(6438144, 6438080)
(6438176, 6438112)
(6438208, 6438144)
(6438240, 6438176)
(6438272, 6438208)
(6438304, 6438240)
(6438337, 6438272)
(6438368, 6438304)
(6438400, 6438335)
(6438432, 6438368)
(6438464, 6438400)
(6438496, 6438432)
(6438529, 6438464)
(6438560, 6438496)
(6438592, 6438527)
(6438624, 6438560)
(6438656, 6438592)
(6438688, 6438624)
(6438720, 6438656)
(6438752, 6438688)
(6438784, 6438720)
(6438816, 6438752)
(6438848, 6438784)
(6438880, 6438816)
(6438912, 6438848)
(6438944, 6438880)
(6438976, 6438912)
(6439008, 6438944)
(6439040, 6438976)
(6439072, 6439008)
(6439104, 6439040)
(6439136, 6439072)
(6439168, 6439104)
(6439201, 6439136)
(6439232, 6439168)
(6439264, 6439199)
(6439296, 6439232)
(6439328, 6439264)
(6439360, 6439296)
(6439392, 6439328)
(6439424, 6439360)
(6439456, 6439392)
(6439488, 6439424)
(6439520, 6439456)
(6439552, 6439488)
(6439584, 6439520)
(6439616, 6439552)
(6439648, 6439584)
(6439680, 6439616)
(6439712, 6439648)
(6439744, 6439680)
(6439776, 6439712)
(6439808, 6439744)
(6439840, 6439776)
(6439872, 6439808)
(6439904, 6439840)
(6439936, 6439872)
(6439968, 6439904)
(6440000, 6439936)
(6440032, 6439968)
(6440065, 6440000)
(6440096, 6440032)
(6440128, 6440063)
(6440160, 6440096)
(6440192, 6440128)
(6440224, 6440160)
(6440256, 6440192)
(6440288, 6440224)
(6440320, 6440256)
(6440352, 6440288)
(6440384, 6440320)
(6440416, 6440352)
(6440448, 6440384)
(6440480, 6440416)
(6440512, 6440448)
(6440544, 6440480)
(6440576, 6440512)
(6440608, 6440544)
(6440640, 6440576)
(6440672, 6440608)
(6440704, 6440640)
(6440736, 6440672)
(6440768, 6440704)
(6440800, 6440736)
(6440832, 6440768)
(6440864, 6440800)
(6440896, 6440832)
(6440928, 6440864)
(6440960, 6440896)
(6440992, 6440928)
(6441024, 6440960)
(6441056, 6440992)
(6441088, 6441024)
(6441120, 6441056)
(6441152, 6441088)
(6441184, 6441120)
(6441216, 6441152)
(6441248, 6441184)
(6441280, 6441216)
(6441313, 6441248)
(6441344, 6441280)
(6441376, 6441311)
(6441408, 6441344)
(6441440, 6441376)
(6441472, 6441408)
(6441504, 6441440)
(6441536, 6441472)
(6441568, 6441504)
(6441600, 6441536)
(6441632, 6441568)
(6441664, 6441600)
(6441696, 6441632)
(6441728, 6441664)
(6441760, 6441696)
(6441792, 6441728)
(6441824, 6441760)
(6441856, 6441792)
(6441888, 6441824)
(6441920, 6441856)
(6441953, 6441888)
(6441984, 6441920)
(6442016, 6441951)
(6442048, 6441984)
(6442080, 6442016)
(6442112, 6442048)
(6442144, 6442080)
(6442176, 6442112)
(6442208, 6442144)
(6442240, 6442176)
(6442272, 6442208)
(6442305, 6442240)
(6442337, 6442272)
(6442368, 6442303)
(6442400, 6442335)
(6442432, 6442368)
(6442464, 6442400)
(6442496, 6442432)
(6442528, 6442464)
(6442560, 6442496)
(6442592, 6442528)
(6442624, 6442560)
(6442656, 6442592)
(6442688, 6442624)
(6442720, 6442656)
(6442752, 6442688)
(6442784, 6442720)
(6442816, 6442752)
(6442848, 6442784)
(6442880, 6442816)
(6442912, 6442848)
(6442944, 6442880)
(6442976, 6442912)
(6443008, 6442944)
(6443040, 6442976)
(6443072, 6443008)
(6443104, 6443040)
(6443136, 6443072)
(6443168, 6443104)
(6443200, 6443136)
(6443232, 6443168)
(6443264, 6443200)
(6443296, 6443232)
(6443328, 6443264)
(6443360, 6443296)
(6443392, 6443328)
(6443424, 6443360)
(6443456, 6443392)
(6443488, 6443424)
(6443520, 6443456)
(6443552, 6443488)
(6443584, 6443520)
(6443616, 6443552)
(6443648, 6443584)
(6443680, 6443616)
(6443712, 6443648)
(6443744, 6443680)
(6443776, 6443712)
(6443808, 6443744)
(6443840, 6443776)
(6443872, 6443808)
(6443904, 6443840)
(6443936, 6443872)
(6443968, 6443904)
(6444000, 6443936)
(6444032, 6443968)
(6444064, 6444000)
(6444096, 6444032)
(6444128, 6444064)
(6444160, 6444096)
(6444192, 6444128)
(6444224, 6444160)
(6444256, 6444192)
(6444288, 6444224)
(6444321, 6444256)
(6444352, 6444288)
(6444384, 6444319)
(6444416, 6444352)
(6444449, 6444384)
(6444480, 6444416)
(6444512, 6444447)
(6444545, 6444480)
(6444576, 6444512)
(6444608, 6444543)
(6444640, 6444576)
(6444672, 6444608)
(6444704, 6444640)
(6444736, 6444672)
(6444768, 6444704)
(6444800, 6444736)
(6444832, 6444768)
(6444864, 6444800)
(6444897, 6444832)
(6444928, 6444864)
(6444960, 6444895)
(6444992, 6444928)
(6445024, 6444960)
(6445056, 6444992)
(6445088, 6445024)
(6445120, 6445056)
(6445152, 6445088)
(6445184, 6445120)
(6445216, 6445152)
(6445248, 6445184)
(6445280, 6445216)
(6445312, 6445248)
(6445344, 6445280)
(6445376, 6445312)
(6445408, 6445344)
(6445440, 6445376)
(6445472, 6445408)
(6445504, 6445440)
(6445536, 6445472)
(6445568, 6445504)
(6445600, 6445536)
(6445632, 6445568)
(6445664, 6445600)
(6445696, 6445632)
(6445728, 6445664)
(6445760, 6445696)
(6445792, 6445728)
(6445824, 6445760)
(6445856, 6445792)
(6445888, 6445824)
(6445920, 6445856)
(6445952, 6445888)
(6445984, 6445920)
(6446016, 6445952)
(6446048, 6445984)
(6446080, 6446016)
(6446112, 6446048)
(6446144, 6446080)
(6446176, 6446112)
(6446208, 6446144)
(6446240, 6446176)
(6446273, 6446208)
(6446304, 6446240)
(6446336, 6446271)
(6446368, 6446304)
(6446400, 6446336)
(6446432, 6446368)
(6446464, 6446400)
(6446496, 6446432)
(6446528, 6446464)
(6446560, 6446496)
(6446592, 6446528)
(6446624, 6446560)
(6446656, 6446592)
(6446688, 6446624)
(6446720, 6446656)
(6446753, 6446688)
(6446784, 6446720)
(6446817, 6446751)
(6446848, 6446784)
(6446880, 6446815)
(6446912, 6446848)
(6446944, 6446880)
(6446976, 6446912)
(6447008, 6446944)
(6447040, 6446976)
(6447072, 6447008)
(6447104, 6447040)
(6447136, 6447072)
(6447168, 6447104)
(6447200, 6447136)
(6447232, 6447168)
(6447264, 6447200)
(6447296, 6447232)
(6447328, 6447264)
(6447360, 6447296)
(6447392, 6447328)
(6447424, 6447360)
(6447456, 6447392)
(6447488, 6447424)
(6447520, 6447456)
(6447552, 6447488)
(6447584, 6447520)
(6447616, 6447552)
(6447648, 6447584)
(6447680, 6447616)
(6447712, 6447648)
(6447745, 6447680)
(6447776, 6447712)
(6447808, 6447743)
(6447840, 6447776)
(6447872, 6447808)
(6447904, 6447840)
(6447936, 6447872)
(6447968, 6447904)
(6448000, 6447936)
(6448032, 6447968)
(6448064, 6448000)
(6448096, 6448032)
(6448128, 6448064)
(6448160, 6448096)
(6448192, 6448128)
(6448225, 6448160)
(6448256, 6448192)
(6448288, 6448223)
(6448320, 6448256)
(6448352, 6448288)
(6448384, 6448320)
(6448416, 6448352)
(6448448, 6448384)
(6448480, 6448416)
(6448512, 6448448)
(6448544, 6448480)
(6448576, 6448512)
(6448608, 6448544)
(6448640, 6448576)
(6448672, 6448608)
(6448704, 6448640)
(6448736, 6448672)
(6448768, 6448704)
(6448800, 6448736)
(6448832, 6448768)
(6448864, 6448800)
(6448896, 6448832)
(6448928, 6448864)
(6448960, 6448896)
(6448992, 6448928)
(6449024, 6448960)
(6449056, 6448992)
(6449088, 6449024)
(6449120, 6449056)
(6449152, 6449088)
(6449184, 6449120)
(6449216, 6449152)
(6449248, 6449184)
(6449280, 6449216)
(6449312, 6449248)
(6449344, 6449280)
(6449376, 6449312)
(6449408, 6449344)
(6449440, 6449376)
(6449472, 6449408)
(6449504, 6449440)
(6449536, 6449472)
(6449568, 6449504)
(6449600, 6449536)
(6449632, 6449568)
(6449664, 6449600)
(6449696, 6449632)
(6449728, 6449664)
(6449760, 6449696)
(6449792, 6449728)
(6449824, 6449760)
(6449856, 6449792)
(6449888, 6449824)
(6449920, 6449856)
(6449952, 6449888)
(6449985, 6449920)
(6450016, 6449952)
(6450048, 6449983)
(6450080, 6450016)
(6450112, 6450048)
(6450144, 6450080)
(6450176, 6450112)
(6450209, 6450144)
(6450240, 6450176)
(6450272, 6450207)
(6450304, 6450240)
(6450336, 6450272)
(6450368, 6450304)
(6450400, 6450336)
(6450432, 6450368)
(6450464, 6450400)
(6450496, 6450432)
(6450528, 6450464)
(6450560, 6450496)
(6450592, 6450528)
(6450624, 6450560)
(6450656, 6450592)
(6450688, 6450624)
(6450720, 6450656)
(6450752, 6450688)
(6450784, 6450720)
(6450816, 6450752)
(6450848, 6450784)
(6450880, 6450816)
(6450912, 6450848)
(6450944, 6450880)
(6450976, 6450912)
(6451009, 6450944)
(6451040, 6450976)
(6451072, 6451007)
(6451104, 6451040)
(6451136, 6451072)
(6451168, 6451104)
(6451200, 6451136)
(6451232, 6451168)
(6451264, 6451200)
(6451296, 6451232)
(6451328, 6451264)
(6451360, 6451296)
(6451392, 6451328)
(6451424, 6451360)
(6451456, 6451392)
(6451488, 6451424)
(6451520, 6451456)
(6451552, 6451488)
(6451584, 6451520)
(6451616, 6451552)
(6451648, 6451584)
(6451680, 6451616)
(6451712, 6451648)
(6451744, 6451680)
(6451776, 6451712)
(6451808, 6451744)
(6451840, 6451776)
(6451872, 6451808)
(6451904, 6451840)
(6451936, 6451872)
(6451968, 6451904)
(6452000, 6451936)
(6452032, 6451968)
(6452064, 6452000)
(6452096, 6452032)
(6452128, 6452064)
(6452160, 6452096)
(6452192, 6452128)
(6452224, 6452160)
(6452256, 6452192)
(6452288, 6452224)
(6452320, 6452256)
(6452352, 6452288)
(6452384, 6452320)
(6452416, 6452352)
(6452448, 6452384)
(6452480, 6452416)
(6452512, 6452448)
(6452544, 6452480)
(6452576, 6452512)
(6452608, 6452544)
(6452640, 6452576)
(6452672, 6452608)
(6452704, 6452640)
(6452736, 6452672)
(6452768, 6452704)
(6452800, 6452736)
(6452832, 6452768)
(6452864, 6452800)
(6452896, 6452832)
(6452928, 6452864)
(6452960, 6452896)
(6452992, 6452928)
(6453024, 6452960)
(6453056, 6452992)
(6453088, 6453024)
(6453120, 6453056)
(6453152, 6453088)
(6453184, 6453120)
(6453216, 6453152)
(6453248, 6453184)
(6453280, 6453216)
(6453312, 6453248)
(6453344, 6453280)
(6453376, 6453312)
(6453408, 6453344)
(6453440, 6453376)
(6453472, 6453408)
(6453504, 6453440)
(6453537, 6453472)
(6453568, 6453504)
(6453600, 6453535)
(6453632, 6453568)
(6453664, 6453600)
(6453696, 6453632)
(6453728, 6453664)
(6453760, 6453696)
(6453792, 6453728)
(6453824, 6453760)
(6453856, 6453792)
(6453888, 6453824)
(6453920, 6453856)
(6453953, 6453888)
(6453984, 6453920)
(6454016, 6453951)
(6454048, 6453984)
(6454080, 6454016)
(6454112, 6454048)
(6454144, 6454080)
(6454176, 6454112)
(6454208, 6454144)
(6454240, 6454176)
(6454272, 6454208)
(6454304, 6454240)
(6454336, 6454272)
(6454368, 6454304)
(6454400, 6454336)
(6454432, 6454368)
(6454464, 6454400)
(6454496, 6454432)
(6454528, 6454464)
(6454560, 6454496)
(6454592, 6454528)
(6454624, 6454560)
(6454656, 6454592)
(6454688, 6454624)
(6454720, 6454656)
(6454752, 6454688)
(6454784, 6454720)
(6454816, 6454752)
(6454848, 6454784)
(6454880, 6454816)
(6454912, 6454848)
(6454944, 6454880)
(6454977, 6454912)
(6455009, 6454944)
(6455040, 6454975)
(6455072, 6455007)
(6455104, 6455040)
(6455136, 6455072)
(6455168, 6455104)
(6455200, 6455136)
(6455232, 6455168)
(6455264, 6455200)
(6455296, 6455232)
(6455328, 6455264)
(6455360, 6455296)
(6455392, 6455328)
(6455424, 6455360)
(6455456, 6455392)
(6455488, 6455424)
(6455520, 6455456)
(6455552, 6455488)
(6455584, 6455520)
(6455616, 6455552)
(6455648, 6455584)
(6455680, 6455616)
(6455712, 6455648)
(6455744, 6455680)
(6455776, 6455712)
(6455808, 6455744)
(6455840, 6455776)
(6455872, 6455808)
(6455904, 6455840)
(6455937, 6455872)
(6455968, 6455904)
(6456000, 6455935)
(6456032, 6455968)
(6456064, 6456000)
(6456096, 6456032)
(6456128, 6456064)
(6456160, 6456096)
(6456192, 6456128)
(6456224, 6456160)
(6456256, 6456192)
(6456288, 6456224)
(6456320, 6456256)
(6456352, 6456288)
(6456384, 6456320)
(6456416, 6456352)
(6456448, 6456384)
(6456480, 6456416)
(6456512, 6456448)
(6456544, 6456480)
(6456576, 6456512)
(6456608, 6456544)
(6456640, 6456576)
(6456672, 6456608)
(6456704, 6456640)
(6456736, 6456672)
(6456768, 6456704)
(6456800, 6456736)
(6456832, 6456768)
(6456864, 6456800)
(6456896, 6456832)
(6456928, 6456864)
(6456960, 6456896)
(6456992, 6456928)
(6457024, 6456960)
(6457056, 6456992)
(6457088, 6457024)
(6457120, 6457056)
(6457152, 6457088)
(6457184, 6457120)
(6457216, 6457152)
(6457248, 6457184)
(6457280, 6457216)
(6457312, 6457248)
(6457344, 6457280)
(6457376, 6457312)
(6457408, 6457344)
(6457440, 6457376)
(6457472, 6457408)
(6457504, 6457440)
(6457536, 6457472)
(6457568, 6457504)
(6457600, 6457536)
(6457632, 6457568)
(6457664, 6457600)
(6457696, 6457632)
(6457728, 6457664)
(6457760, 6457696)
(6457792, 6457728)
(6457824, 6457760)
(6457856, 6457792)
(6457888, 6457824)
(6457920, 6457856)
(6457952, 6457888)
(6457984, 6457920)
(6458016, 6457952)
(6458048, 6457984)
(6458080, 6458016)
(6458112, 6458048)
(6458144, 6458080)
(6458176, 6458112)
(6458208, 6458144)
(6458240, 6458176)
(6458273, 6458208)
(6458304, 6458240)
(6458336, 6458271)
(6458368, 6458304)
(6458400, 6458336)
(6458432, 6458368)
(6458464, 6458400)
(6458496, 6458432)
(6458528, 6458464)
(6458560, 6458496)
(6458592, 6458528)
(6458625, 6458560)
(6458656, 6458592)
(6458688, 6458623)
(6458720, 6458656)
(6458752, 6458688)
(6458784, 6458720)
(6458816, 6458752)
(6458848, 6458784)
(6458880, 6458816)
(6458912, 6458848)
(6458944, 6458880)
(6458976, 6458912)
(6459009, 6458944)
(6459041, 6458976)
(6459073, 6459007)
(6459104, 6459039)
(6459136, 6459071)
(6459169, 6459104)
(6459201, 6459136)
(6459232, 6459167)
(6459264, 6459199)
(6459296, 6459232)
(6459328, 6459264)
(6459360, 6459296)
(6459392, 6459328)
(6459424, 6459360)
(6459456, 6459392)
(6459488, 6459424)
(6459520, 6459456)
(6459552, 6459488)
(6459584, 6459520)
(6459616, 6459552)
(6459648, 6459584)
(6459680, 6459616)
(6459712, 6459648)
(6459744, 6459680)
(6459776, 6459712)
(6459808, 6459744)
(6459840, 6459776)
(6459872, 6459808)
(6459905, 6459840)
(6459936, 6459872)
(6459968, 6459903)
(6460000, 6459936)
(6460032, 6459968)
(6460064, 6460000)
(6460096, 6460032)
(6460128, 6460064)
(6460160, 6460096)
(6460192, 6460128)
(6460224, 6460160)
(6460256, 6460192)
(6460288, 6460224)
(6460320, 6460256)
(6460352, 6460288)
(6460384, 6460320)
(6460416, 6460352)
(6460449, 6460384)
(6460480, 6460416)
(6460512, 6460447)
(6460544, 6460480)
(6460576, 6460512)
(6460608, 6460544)
(6460640, 6460576)
(6460672, 6460608)
(6460704, 6460640)
(6460736, 6460672)
(6460768, 6460704)
(6460800, 6460736)
(6460832, 6460768)
(6460864, 6460800)
(6460896, 6460832)
(6460928, 6460864)
(6460960, 6460896)
(6460992, 6460928)
(6461024, 6460960)
(6461056, 6460992)
(6461088, 6461024)
(6461120, 6461056)
(6461153, 6461088)
(6461184, 6461120)
(6461216, 6461151)
(6461248, 6461184)
(6461280, 6461216)
(6461312, 6461248)
(6461344, 6461280)
(6461376, 6461312)
(6461408, 6461344)
(6461440, 6461376)
(6461473, 6461408)
(6461504, 6461440)
(6461536, 6461471)
(6461568, 6461504)
(6461600, 6461536)
(6461632, 6461568)
(6461664, 6461600)
(6461696, 6461632)
(6461728, 6461664)
(6461760, 6461696)
(6461792, 6461728)
(6461824, 6461760)
(6461856, 6461792)
(6461888, 6461824)
(6461920, 6461856)
(6461952, 6461888)
(6461984, 6461920)
(6462016, 6461952)
(6462048, 6461984)
(6462081, 6462016)
(6462112, 6462048)
(6462144, 6462079)
(6462176, 6462112)
(6462208, 6462144)
(6462240, 6462176)
(6462272, 6462208)
(6462305, 6462240)
(6462336, 6462272)
(6462368, 6462303)
(6462400, 6462336)
(6462432, 6462368)
(6462464, 6462400)
(6462496, 6462432)
(6462528, 6462464)
(6462560, 6462496)
(6462592, 6462528)
(6462624, 6462560)
(6462656, 6462592)
(6462688, 6462624)
(6462720, 6462656)
(6462752, 6462688)
(6462784, 6462720)
(6462816, 6462752)
(6462848, 6462784)
(6462880, 6462816)
(6462912, 6462848)
(6462944, 6462880)
(6462976, 6462912)
(6463008, 6462944)
(6463040, 6462976)
(6463072, 6463008)
(6463104, 6463040)
(6463136, 6463072)
(6463168, 6463104)
(6463200, 6463136)
(6463232, 6463168)
(6463264, 6463200)
(6463296, 6463232)
(6463328, 6463264)
(6463360, 6463296)
(6463392, 6463328)
(6463424, 6463360)
(6463456, 6463392)
(6463488, 6463424)
(6463520, 6463456)
(6463552, 6463488)
(6463584, 6463520)
(6463616, 6463552)
(6463648, 6463584)
(6463680, 6463616)
(6463712, 6463648)
(6463744, 6463680)
(6463776, 6463712)
(6463808, 6463744)
(6463840, 6463776)
(6463872, 6463808)
(6463904, 6463840)
(6463936, 6463872)
(6463968, 6463904)
(6464000, 6463936)
