(199938, 1)
(199939, 0.9978478648366705)
(199940, 1)
(199941, 1)
(199942, 1)
(199943, 1)
(199944, 1)
(199945, 1)
(199946, 1)
(199947, 1)
(199948, 1)
(199949, 1)
(199950, 1)
(199951, 1)
(199952, 1)
(199953, 0.9999964461629222)
(199954, 1)
(199955, 0.9732594855174056)
(199956, 0.9995895369230196)
(199957, 0.9692419226730209)
(199958, 0.9973951022235805)
(199959, 1)
(199960, 0.999219963254761)
(199961, 1)
(199962, 1)
(199963, 0.9999573556221282)
(199964, 0.9992857066706468)
(199965, 1)
(199966, 1)
(199967, 0.9777520726944495)
(199968, 1)
(199969, 1)
(199970, 1)
(199971, 1)
(199972, 0.9998009939640758)
(199973, 0.9999431419408144)
(199974, 0.997482289854712)
(199975, 0.9998720730036725)
(199976, 0.9994154530061529)
(199977, 1)
(199978, 0.9990157113084821)
(199979, 0.9908394939335632)
(199980, 0.9922236297189883)
(199981, 0.9954642926304083)
(199982, 0.9997015323117922)
(199983, 0.9999609155010899)
(199984, 0.9995789593367099)
(199985, 1)
(199986, 0.9990957653750975)
(199987, 1)
(199988, 1)
(199989, 1)
(199990, 0.9977777343548768)
(199991, 1)
(199992, 1)
(199993, 0.9996163117254071)
(199994, 0.9860967772304752)
(199995, 0.9991118547847048)
(199996, 1)
(199997, 0.9898397631172744)
(199998, 0.9981438226595736)
(199999, 0.99685608321255)
(200000, 0.9989964476021315)
(200001, 0.9950799289520427)
(200002, 0.9974103295524381)
(200003, 0.9993943312244455)
(200004, 0.9913964285587419)
(200005, 1)
(200006, 0.9974406700791065)
(200007, 0.9990444830440142)
(200008, 0.9999449431138043)
(200009, 1)
(200010, 0.9998721295753636)
(200011, 1)
(200012, 0.9999822406288238)
(200013, 1)
(200014, 1)
(200015, 1)
(200016, 1)
(200017, 0.9999786896628883)
(200018, 1)
(200019, 1)
(200020, 0.9870793829499708)
(200021, 1)
(200022, 0.9999183155965714)
(200023, 0.9991920461829953)
(200024, 0.9967877633137355)
(200025, 1)
(200026, 1)
(200027, 0.9992933012773846)
(200028, 0.9850299188550933)
(200029, 0.9972549569688759)
(200030, 0.9964932839729761)
(200031, 0.9981570027680469)
(200032, 0.9989489028285522)
(200033, 1)
(200034, 0.9979280480508205)
(200035, 0.9983097701322889)
(200036, 0.9994460591189854)
(200037, 0.9991903940969787)
(200038, 0.9996466851431991)
(200039, 1)
(200040, 0.9997443358858318)
(200041, 1)
(200042, 1)
(200043, 0.9995845605662759)
(200044, 0.9995046754026066)
(200045, 0.9966073409968488)
(200046, 0.9991034701917153)
(200047, 0.9993822020944769)
(200048, 0.9686436510627571)
(200049, 0.9997390405925021)
(200050, 0.9989987786519726)
(200051, 0.9810125346384553)
(200052, 0.9997763288463006)
(200053, 1)
(200054, 0.9698212279197576)
(200055, 0.9995100675787221)
(200056, 0.995175230720893)
(200057, 0.9791956232703699)
(200058, 0.9997355107837046)
(200059, 1)
(200060, 1)
(200061, 1)
(200062, 0.9991639730980388)
(200063, 1)
(200064, 0.9998775279821936)
(200065, 0.9974476483931545)
(200066, 0.9998952805239524)
(200067, 0.9982322183529813)
(200068, 1)
(200069, 0.9855511027023574)
(200070, 0.9992971744995031)
(200071, 0.9993149323451321)
(200072, 0.9984701338899065)
(200073, 0.9966030583123908)
(200074, 1)
(200075, 1)
(200076, 1)
(200077, 0.9999929011178964)
(200078, 1)
(200079, 0.9986814177509921)
(200080, 1)
(200081, 1)
(200082, 0.9956894945404405)
(200083, 0.9973221653372137)
(200084, 0.9974251272796318)
(200085, 0.9966905103712129)
(200086, 0.996937212863706)
(200087, 0.9967775536024502)
(200088, 0.996082015065078)
(200089, 0.9988874358323737)
(200090, 0.9983480342317117)
(200091, 1)
(200092, 1)
(200093, 0.9996646510241451)
(200094, 1)
(200095, 0.9990667139815472)
(200096, 0.9967264481696498)
(200097, 0.989208964969057)
(200098, 0.9929793621279435)
(200099, 0.9931852456398701)
(200100, 0.9529218273463239)
(200101, 0.9948247567174374)
(200102, 0.9948656354175353)
(200103, 0.9788401184399843)
(200104, 0.9947930341974354)
(200105, 0.9862527409362826)
(200106, 0.9916531248004201)
(200107, 0.9706843453517169)
(200108, 0.9939648642271851)
(200109, 0.994472305648147)
(200110, 0.9804118096812706)
(200111, 0.9952138256221761)
(200112, 0.9989480350607673)
(200113, 1)
(200114, 1)
(200115, 1)
(200116, 1)
(200117, 1)
(200118, 0.9995973421031159)
(200119, 1)
(200120, 1)
(200121, 1)
(200122, 1)
(200123, 1)
(200124, 1)
(200125, 0.9675138787889537)
(200126, 1)
(200127, 1)
(200128, 1)
(200129, 0.9995335572731368)
(200130, 1)
(200131, 0.9993526739001664)
(200132, 0.9997322058787017)
(200133, 0.9999290621663705)
(200134, 0.9998386187181006)
(200135, 1)
(200136, 0.9994201078918528)
(200137, 0.9996949813796773)
(200138, 0.9995637586272939)
(200139, 0.9998794146645954)
(200140, 0.9991807406671821)
(200141, 0.9991310993720863)
(200142, 0.9992871569442794)
(200143, 0.9967177766705028)
(200144, 0.9827911801473522)
(200145, 0.9991683851600194)
(200146, 0.9999237549448464)
(200147, 0.997483913179933)
(200148, 0.9985797192418786)
(200149, 0.9992730251551027)
(200150, 0.9985301131759662)
(200151, 0.9781966538769779)
(200152, 0.9992907851717364)
(200153, 0.9997854655574704)
(200154, 0.9991401014148434)
(200155, 0.9996666832143085)
(200156, 0.9991099858874256)
(200157, 0.9822141219729702)
(200158, 0.9987554272767082)
(200159, 0.9995762832059228)
(200160, 0.9974807823225733)
(200161, 0.9998723567204186)
(200162, 0.998624308608708)
(200163, 1)
(200164, 0.999333446789199)
(200165, 0.9900000709089104)
(200166, 0.9951144453583686)
(200167, 0.9999521378430122)
(200168, 0.9991987634012139)
(200169, 0.9936806018406908)
(200170, 0.9996862503190674)
(200171, 0.999863510025809)
(200172, 0.9819621801371271)
(200173, 0.9997022100270138)
(200174, 1)
(200175, 0.9997890714179364)
(200176, 0.9997997093126307)
(200177, 0.9846363268981262)
(200178, 0.9985217902998249)
(200179, 0.9985483973881788)
(200180, 0.9993087704621667)
(200181, 0.9998263088866045)
(200182, 0.9983605918174923)
(200183, 0.9971199994328614)
(200184, 0.9993974238095575)
(200185, 0.9998972090484394)
(200186, 0.9994771867329487)
(200187, 0.9850247136530306)
(200188, 0.9996154330100253)
(200189, 0.9954455073563031)
(200190, 0.9992043027902567)
(200191, 0.9998121543240834)
(200192, 0.9988445882605206)
(200193, 0.9991564875147747)
(200194, 0.9969715495778068)
(200195, 0.997022981519449)
(200196, 0.9997253384981509)
(200197, 0.9997519221602619)
(200198, 0.9994347449352969)
(200199, 0.9943298101372363)
(200200, 0.9995074092383802)
(200201, 0.9949696032205879)
(200202, 1)
(200203, 1)
(200204, 1)
(200205, 1)
(200206, 0.9999964564641182)
(200207, 0.9993869769815171)
(200208, 1)
(200209, 0.9971564333701846)
(200210, 1)
(200211, 0.9994950819207438)
(200212, 0.9866969023217086)
(200213, 1)
(200214, 1)
(200215, 1)
(200216, 0.996726225273966)
(200217, 1)
(200218, 1)
(200219, 0.9999185132566532)
(200220, 0.9946254940063807)
(200221, 1)
(200222, 1)
(200223, 0.996701692729553)
(200224, 1)
(200225, 0.9996297864275099)
(200226, 1)
(200227, 0.9985900399429639)
(200228, 0.9994491304763693)
(200229, 0.9890323609118444)
(200230, 0.99822168061809)
(200231, 0.9985918885696776)
(200232, 0.9888627934409505)
(200233, 0.9999468652254154)
(200234, 0.9995147092683445)
(200235, 0.9935336811791335)
(200236, 0.999381891730101)
(200237, 1)
(200238, 1)
(200239, 1)
(200240, 0.9990773143294325)
(200241, 0.9960224133289886)
(200242, 1)
(200243, 0.9999716653679961)
(200244, 0.9949441107301731)
(200245, 0.9997928085072473)
(200246, 0.9906782857537502)
(200247, 1)
(200248, 1)
(200249, 0.9997715710422912)
(200250, 0.9999946877739117)
(200251, 0.999250986732018)
(200252, 1)
(200253, 1)
(200254, 0.9743345485837522)
(200255, 0.9872515603558939)
(200256, 1)
(200257, 1)
(200258, 0.9995573646553907)
(200259, 0.9911686490582607)
(200260, 0.9987482582730921)
(200261, 0.9663003507355532)
(200262, 0.9987146188207424)
(200263, 0.9998831471655221)
(200264, 0.9997556713460916)
(200265, 0.9996706874664713)
(200266, 0.999137767721352)
(200267, 0.9994777032398333)
(200268, 0.9996352775166294)
(200269, 0.9943043095679455)
(200270, 0.9912254144292004)
(200271, 0.9874772712384453)
(200272, 0.9875392386506685)
(200273, 0.9842301788379517)
(200274, 0.9863406118485233)
(200275, 0.9851012636040601)
(200276, 0.9876985834249565)
(200277, 0.9881128798381057)
(200278, 0.9873834348713645)
(200279, 0.9819692535405523)
(200280, 0.9875728781030182)
(200281, 0.9876578619826385)
(200282, 0.9877322228773063)
(200283, 0.9877534688472114)
(200284, 0.9873338609415859)
(200285, 0.9872630410419023)
(200286, 0.9839769976965828)
(200287, 0.9869461219908182)
(200288, 0.9877286818823221)
(200289, 0.9874737302434611)
(200290, 0.987195762137203)
(200291, 0.9866415964221786)
(200292, 0.9848445414677071)
(200293, 0.9941113253413076)
(200294, 0.999920327612856)
(200295, 1)
(200296, 0.9999309505978085)
(200297, 1)
(200298, 0.9680053398204361)
(200299, 0.9963510046688019)
(200300, 1)
(200301, 1)
(200302, 1)
(200303, 1)
(200304, 1)
(200305, 1)
(200306, 0.9997149499037734)
(200307, 0.9985605855389306)
(200308, 0.9985836020063278)
(200309, 0.9983144863875301)
(200310, 0.9981728465881629)
(200311, 0.9975744184358363)
(200312, 0.997802812612316)
(200313, 0.9977195992301877)
(200314, 0.9996104905517401)
(200315, 0.9901383289690571)
(200316, 0.9724864689729167)
(200317, 1)
(200318, 0.9980117665180065)
(200319, 1)
(200320, 1)
(200321, 0.9959033154110759)
(200322, 1)
(200323, 1)
(200324, 1)
(200325, 0.9689491023741368)
(200326, 1)
(200327, 1)
(200328, 0.9851390152628243)
(200329, 1)
(200330, 1)
(200331, 1)
(200332, 0.9973996962477033)
(200333, 1)
(200334, 1)
(200335, 1)
(200336, 1)
(200337, 1)
(200338, 0.9686419167442536)
(200339, 0.998176855624666)
(200340, 1)
(200341, 1)
(200342, 1)
(200343, 1)
(200344, 0.9986725099827249)
(200345, 1)
(200346, 1)
(200347, 1)
(200348, 1)
(200349, 1)
(200350, 1)
(200351, 1)
(200352, 0.9965010831244956)
(200353, 1)
(200354, 1)
(200355, 0.9988160465511383)
(200356, 0.9969507878753557)
(200357, 1)
(200358, 0.9998159552629716)
(200359, 1)
(200360, 0.9941726715460736)
(200361, 1)
(200362, 1)
(200363, 0.9675870709272819)
(200364, 0.9990179111767017)
(200365, 1)
(200366, 1)
(200367, 1)
(200368, 1)
(200369, 0.9995381855114109)
(200370, 1)
(200371, 1)
(200372, 0.9991684138821801)
(200373, 1)
(200374, 1)
(200375, 1)
(200376, 1)
(200377, 1)
(200378, 0.9996779997770767)
(200379, 1)
(200380, 1)
(200381, 1)
(200382, 1)
(200383, 1)
(200384, 1)
(200385, 1)
(200386, 0.998731599794084)
(200387, 0.9999062423158501)
(200388, 1)
(200389, 0.999741731425448)
(200390, 0.9987918154785596)
(200391, 1)
(200392, 0.9998531823174905)
(200393, 1)
(200394, 1)
(200395, 1)
(200396, 1)
(200397, 1)
(200398, 1)
(200399, 1)
(200400, 1)
(200401, 1)
(200402, 0.9999823135315633)
(200403, 1)
(200404, 1)
(200405, 1)
(200406, 0.9722974837116845)
(200407, 0.9925633661335164)
(200408, 0.9981961333587996)
(200409, 1)
(200410, 1)
(200411, 1)
(200412, 1)
(200413, 0.9991811976090262)
(200414, 1)
(200415, 0.9944842928789197)
(200416, 1)
(200417, 1)
(200418, 0.9975844300068258)
(200419, 1)
(200420, 0.9997365228800702)
(200421, 0.9968736848433837)
(200422, 0.9946616448287448)
(200423, 0.9946298922441993)
(200424, 0.9999557949309164)
(200425, 0.962293609451971)
(200426, 1)
(200427, 1)
(200428, 1)
(200429, 1)
(200430, 1)
(200431, 0.9998461815905885)
(200432, 1)
(200433, 0.9817562383092476)
(200434, 0.9920088539069987)
(200435, 0.9913177072099626)
(200436, 0.9913655633775427)
(200437, 0.9913126491646778)
(200438, 0.9988526636236029)
(200439, 0.9694731520013576)
(200440, 0.9982958382389857)
(200441, 1)
(200442, 1)
(200443, 1)
(200444, 1)
(200445, 1)
(200446, 0.9960828816980779)
(200447, 0.9948067099146236)
(200448, 0.9695281359647184)
(200449, 0.9998479875137651)
(200450, 0.9999805568173985)
(200451, 0.99932126576864)
(200452, 1)
(200453, 1)
(200454, 0.9990985927442019)
(200455, 0.9992117216635147)
(200456, 0.9808535908575146)
(200457, 0.9995422459288166)
(200458, 0.9988070263496951)
(200459, 1)
(200460, 0.97305011416897)
(200461, 1)
(200462, 0.9999664218406487)
(200463, 1)
(200464, 1)
(200465, 0.9996677670410767)
(200466, 1)
(200467, 0.999897505495826)
(200468, 1)
(200469, 0.9998091535606998)
(200470, 0.9999045776234528)
(200471, 0.9994928549087934)
(200472, 0.9945981859658857)
(200473, 1)
(200474, 0.9995070105224099)
(200475, 0.9995812299118463)
(200476, 0.9999310894406053)
(200477, 1)
(200478, 0.9999628952975974)
(200479, 0.9998551167635206)
(200480, 0.9996695996324958)
(200481, 0.9973126638727323)
(200482, 0.9783001233228621)
(200483, 0.9950035512242006)
(200484, 0.9989399405660011)
(200485, 0.9826645866055134)
(200486, 0.9866682449467066)
(200487, 0.9991908470312213)
(200488, 0.9768970658902677)
(200489, 0.9998427672955975)
(200490, 0.999793303748092)
(200491, 0.9997067427957658)
(200492, 0.9992191695638656)
(200493, 0.9990301587077263)
(200494, 0.9991114330130016)
(200495, 0.9992810305111572)
(200496, 0.9985179192221814)
(200497, 0.9993322781679691)
(200498, 0.9991097152325251)
(200499, 0.9997385708658427)
(200500, 0.996665053362679)
(200501, 0.9831629372655141)
(200502, 1)
(200503, 0.9943477577378314)
(200504, 1)
(200505, 0.9983803251007218)
(200506, 0.9936697458360563)
(200507, 0.9827227479697198)
(200508, 0.9962397516010639)
(200509, 0.9961108736581454)
(200510, 0.9950070822780562)
(200511, 0.9937637978841772)
(200512, 0.9913036413794077)
(200513, 0.9943802464426182)
(200514, 0.9963141665283228)
(200515, 0.9962612365999682)
(200516, 0.9964749804852376)
(200517, 0.9941421116301248)
(200518, 0.9886340558019119)
(200519, 0.965579476601779)
(200520, 0.993967531332282)
(200521, 0.9941777610603998)
(200522, 0.9724021989238483)
(200523, 0.9947552169697869)
(200524, 0.9742956285262722)
(200525, 0.9982588518664366)
(200526, 0.9981264380603249)
(200527, 0.9967968017460432)
(200528, 0.9866681970281557)
(200529, 0.995336583539782)
(200530, 0.9961330034908914)
(200531, 0.998160109334002)
(200532, 0.9983843798667246)
(200533, 1)
(200534, 1)
(200535, 1)
(200536, 1)
(200537, 0.9999205487433459)
(200538, 0.9993679300415083)
(200539, 1)
(200540, 0.9998199171618944)
(200541, 0.9992143555773692)
(200542, 1)
(200543, 0.9997881468142578)
(200544, 0.9902089902160519)
(200545, 0.9999611607978278)
(200546, 0.9997122398683718)
(200547, 1)
(200548, 0.9998181689792748)
(200549, 0.9986954249842886)
(200550, 0.9923950748047133)
(200551, 0.8874811777228973)
(200552, 0.6959439779272751)
(200553, 0.41157956427030634)
(200554, 0.6154745051243941)
(200555, 0.9620503641569317)
(200556, 0.9824152624648288)
(200557, 0.9854531397282327)
(200558, 0.9844116826768624)
(200559, 0.9875113412907712)
(200560, 0.9877143371567163)
(200561, 0.9906339472634392)
(200562, 0.9886887173132526)
(200563, 0.9817374327907166)
(200564, 0.9906745464366282)
(200565, 0.9907204411541463)
(200566, 0.9904856720222271)
(200567, 0.9909481495602933)
(200568, 0.9927186265476229)
(200569, 0.9921431773972047)
(200570, 0.9941007636174922)
(200571, 0.9947097512153275)
(200572, 0.9925985942094988)
(200573, 0.9948544960936535)
(200574, 0.9938253953123841)
(200575, 0.9916930561292395)
(200576, 0.9939012981144332)
(200577, 0.9947732977472754)
(200578, 0.9941784316009843)
(200579, 0.95958440568106)
(200580, 0.9948562612750965)
(200581, 0.9923991287064398)
(200582, 0.9954370059698436)
(200583, 0.9955747291794274)
(200584, 0.9958907518970852)
(200585, 0.9948846937964998)
(200586, 0.9956331646494617)
(200587, 0.9954743703567728)
(200588, 0.9956015172294501)
(200589, 0.9938806884269645)
(200590, 0.9956510612010766)
(200591, 0.9952328255524786)
(200592, 0.9952963643455592)
(200593, 0.9955735031451425)
(200594, 0.9960448008810511)
(200595, 0.9960060289020197)
(200596, 0.9950318736631063)
(200597, 0.9961861161213806)
(200598, 0.9967668039716072)
(200599, 0.9842648641970951)
(200600, 0.9965851213649631)
(200601, 0.995828075779368)
(200602, 0.9978558306406213)
(200603, 0.9964528931862019)
(200604, 0.9926376513896168)
(200605, 0.9960982926721665)
(200606, 0.997931824318005)
(200607, 0.9982530161940105)
(200608, 0.998154222964925)
(200609, 0.996255547418851)
(200610, 0.9975190263854896)
(200611, 0.9970832156973461)
(200612, 0.9964568540816758)
(200613, 0.9979408401795545)
(200614, 0.9979902742684528)
(200615, 0.9976762281848642)
(200616, 0.9936286852083513)
(200617, 0.9979038894495769)
(200618, 0.9985637963766735)
(200619, 0.99698648505593)
(200620, 0.9954197961491706)
(200621, 0.9988196790726805)
(200622, 0.9831334696534775)
(200623, 0.9951923331386743)
(200624, 0.9891443764411973)
(200625, 0.9852294359768738)
(200626, 0.9988267528576948)
(200627, 0.9991672591711759)
(200628, 0.9993136945287869)
(200629, 0.9992837017446979)
(200630, 0.9883945568389723)
(200631, 0.9970607071592775)
(200632, 0.9940014431821991)
(200633, 0.9932339807658039)
(200634, 0.9487035178007174)
(200635, 0.9697019952258545)
(200636, 0.99308930968961)
(200637, 0.9892590547333024)
(200638, 0.9891373193155294)
(200639, 0.9911891786035006)
(200640, 0.9929269957992459)
(200641, 0.9923359750460476)
(200642, 0.9926730556163242)
(200643, 0.9893916940122085)
(200644, 0.9926573846034423)
(200645, 0.9929662195061711)
(200646, 0.9922041630721843)
(200647, 0.9928164290666474)
(200648, 0.9901580116325635)
(200649, 0.9912712903424977)
(200650, 0.9930213645737228)
(200651, 0.9894404459497601)
(200652, 0.9929562806056929)
(200653, 0.9922489918750242)
(200654, 0.993635584280881)
(200655, 0.9910197227420979)
(200656, 0.9855163983440257)
(200657, 0.9674964677742833)
(200658, 0.9925528724886671)
(200659, 0.9931509265563431)
(200660, 0.9911279028337796)
(200661, 0.9915601618473456)
(200662, 0.9813726493133579)
(200663, 0.9984831648940861)
(200664, 0.997368504598062)
(200665, 0.9985890304169768)
(200666, 0.9845342278754272)
(200667, 0.9981146450982536)
(200668, 0.9960617978518898)
(200669, 0.9679004333203414)
(200670, 0.9968343547462634)
(200671, 0.998031860579543)
(200672, 0.9938505328538854)
(200673, 0.9767178561099316)
(200674, 0.9984957234811745)
(200675, 0.9967569454976387)
(200676, 0.9980125489808802)
(200677, 0.9904101858709836)
(200678, 0.9841110288152929)
(200679, 0.9679134483123479)
(200680, 0.9971837195358516)
(200681, 0.997132578563115)
(200682, 0.9976386978450252)
(200683, 0.9966564502646977)
(200684, 0.9948736487558855)
(200685, 0.9987179871516566)
(200686, 0.9948614405247891)
(200687, 0.9993034639882065)
(200688, 0.9990142831952037)
(200689, 0.99933169696072)
(200690, 0.9981890830094725)
(200691, 0.9994516190462756)
(200692, 0.9933560440955544)
(200693, 0.9981468420495822)
(200694, 0.9641204764893819)
(200695, 0.9992929634879998)
(200696, 0.9988098659468265)
(200697, 0.9992859296402672)
(200698, 0.998645930120826)
(200699, 0.9799854369017625)
(200700, 0.9994569768774407)
(200701, 0.9993300458565981)
(200702, 0.9961372399336402)
(200703, 0.998704201911787)
(200704, 0.9945665396156029)
(200705, 0.9966098647119178)
(200706, 0.9695050789610078)
(200707, 0.9979691494050242)
(200708, 0.9982177421913838)
(200709, 0.9993847683450092)
(200710, 0.9772311402410861)
(200711, 0.9986584776806648)
(200712, 0.9995892579495333)
(200713, 0.9994411792703952)
(200714, 0.9985350813638022)
(200715, 0.9970137940152484)
(200716, 0.9983324019933614)
(200717, 0.9669058737050297)
(200718, 0.9995099516826461)
(200719, 0.9990357784370444)
(200720, 0.9998149137233542)
(200721, 0.9994429853166699)
(200722, 0.9912535672296089)
(200723, 0.9986885823822325)
(200724, 0.9999242067709793)
(200725, 0.9996457132180697)
(200726, 0.9996404304259313)
(200727, 0.999742664619734)
(200728, 0.9996862667684243)
(200729, 0.999377829948411)
(200730, 0.9991716266256827)
(200731, 0.9996386933034889)
(200732, 0.9995611507367909)
(200733, 0.9984173450522646)
(200734, 0.9997250660458329)
(200735, 0.9996263770736513)
(200736, 0.9990483323787285)
(200737, 0.9695664510171245)
(200738, 0.9999753278314397)
(200739, 0.9980826436959862)
(200740, 0.9988298652230305)
(200741, 0.9960860953293953)
(200742, 0.9844626695237827)
(200743, 0.995198068654402)
(200744, 0.9894429485733619)
(200745, 0.9994361193735286)
(200746, 0.9998748907496687)
(200747, 0.9927701714507233)
(200748, 0.9970820000281932)
(200749, 0.991217930645616)
(200750, 0.6655178246712057)
(200751, 0.42695969947280876)
(200752, 0.3091125974373793)
(200753, 0.35457077866130093)
(200754, 0.4560001691454104)
(200755, 0.41811979907218)
(200756, 0.3709754146595862)
(200757, 0.33297097682973886)
(200758, 0.5000264276200342)
(200759, 0.8206928871944129)
(200760, 0.8652405550348482)
(200761, 0.9032698507778228)
(200762, 0.9537787737527703)
(200763, 0.9591773456466053)
(200764, 0.9193529633531465)
(200765, 0.9708495847735016)
(200766, 0.9554213959682832)
(200767, 0.9789908342537835)
(200768, 0.9778760360423842)
(200769, 0.9364105743975846)
(200770, 0.972748779684365)
(200771, 0.9690217161539437)
(200772, 0.9758885037062089)
(200773, 0.9638807615954117)
(200774, 0.9497911782268733)
(200775, 0.9814150360126612)
(200776, 0.9770364172794928)
(200777, 0.988908518617026)
(200778, 0.9890989024925098)
(200779, 0.9890092276692694)
(200780, 0.9892013660773887)
(200781, 0.988541033702324)
(200782, 0.9902108765298808)
(200783, 0.9894096491428913)
(200784, 0.9892090195477545)
(200785, 0.9900246038637048)
(200786, 0.9900529230985989)
(200787, 0.9897288681853805)
(200788, 0.9901251309868705)
(200789, 0.9897447367586817)
(200790, 0.9897095134605833)
(200791, 0.9935506141182023)
(200792, 0.9937408199279332)
(200793, 0.9943572276446533)
(200794, 0.9940419791266736)
(200795, 0.9945879402471971)
(200796, 0.9924094059963932)
(200797, 0.9940685010637249)
(200798, 0.9932232522753529)
(200799, 0.9902629651023542)
(200800, 0.9866811073541842)
(200801, 0.9904358208534678)
(200802, 0.9885833732495563)
(200803, 0.9899835171801699)
(200804, 0.9881064746985236)
(200805, 0.9922412912632643)
(200806, 0.984764547814174)
(200807, 0.9932733925697401)
(200808, 0.9914967723304373)
(200809, 0.9948777004766609)
(200810, 0.9944357870455967)
(200811, 0.9935360955622505)
(200812, 0.9949324829952935)
(200813, 0.994999462970495)
(200814, 0.9926243117755706)
(200815, 0.9951316565572976)
(200816, 0.994015455232119)
(200817, 0.9943518243008886)
(200818, 0.9945121113845958)
(200819, 0.9808815710246379)
(200820, 0.9945509987781561)
(200821, 0.9952517772824744)
(200822, 0.9955300004049231)
(200823, 0.9957853299907045)
(200824, 0.9955617447395848)
(200825, 0.9960071898750222)
(200826, 0.9953822698881041)
(200827, 0.9952819891697006)
(200828, 0.9957608917619057)
(200829, 0.9946272524346362)
(200830, 0.9950198922649016)
(200831, 0.993546547244344)
(200832, 0.9957030397341201)
(200833, 0.9889188727703522)
(200834, 0.9898167723128865)
(200835, 0.9906495170736086)
(200836, 0.9946013691082842)
(200837, 0.9952931816261582)
(200838, 0.9948074350489333)
(200839, 0.9946350118283204)
(200840, 0.9803427348381374)
(200841, 0.9938061477371933)
(200842, 0.994072008899027)
(200843, 0.9941794564911293)
(200844, 0.9929087750608536)
(200845, 0.9942799313591764)
(200846, 0.9947992108176414)
(200847, 0.9899259227970876)
(200848, 0.9943646504129715)
(200849, 0.9950370112248023)
(200850, 0.9950458631637488)
(200851, 0.9948981028474887)
(200852, 0.9942681458851025)
(200853, 0.9950055698982636)
(200854, 0.9905497344422584)
(200855, 0.988871017129905)
(200856, 0.994660838287104)
(200857, 0.9581935797220297)
(200858, 0.9949654213666039)
(200859, 0.9942844774643351)
(200860, 0.9945731455167741)
(200861, 0.9951363117265214)
(200862, 0.9948777144506168)
(200863, 0.9942496071679315)
(200864, 0.963566108351501)
(200865, 0.9947952316016364)
(200866, 0.9959161266370244)
(200867, 0.9739874476766589)
(200868, 0.9699339666296589)
(200869, 0.9929674482763474)
(200870, 0.9951668382113606)
(200871, 0.9752662424147522)
(200872, 0.9943207109315758)
(200873, 0.9919227852755771)
(200874, 0.9936822326648451)
(200875, 0.9968033356497568)
(200876, 0.995580678133681)
(200877, 0.9753580532738938)
(200878, 0.9958007068604874)
(200879, 0.9952290227413064)
(200880, 0.9555964077439331)
(200881, 0.9959257558725585)
(200882, 0.9960911181126187)
(200883, 0.9931726504928322)
(200884, 0.95315372368965)
(200885, 0.9945220612811411)
(200886, 0.9941333652318772)
(200887, 0.995899570255261)
(200888, 0.9930939250815765)
(200889, 0.9958996856601576)
(200890, 0.9955391459293828)
(200891, 0.9966245037457631)
(200892, 0.9952507765859768)
(200893, 0.9948621161538164)
(200894, 0.9950328038977715)
(200895, 0.9948376361826299)
(200896, 0.9908802453979098)
(200897, 0.9893871118662432)
(200898, 0.995245901062681)
(200899, 0.995108781680356)
(200900, 0.9970223962235613)
(200901, 0.9912959517117903)
(200902, 0.9954994248972026)
(200903, 0.994945497905389)
(200904, 0.9932449306202845)
(200905, 0.9959498292350928)
(200906, 0.9966410259115833)
(200907, 0.9762835145277982)
(200908, 0.9929604214954224)
(200909, 0.9900202233359712)
(200910, 0.9932314326009658)
(200911, 0.9968769013797203)
(200912, 0.9963300590496489)
(200913, 0.9957023433131346)
(200914, 0.9938419877261777)
(200915, 0.9950817308368619)
(200916, 0.9960102267611974)
(200917, 0.9966010915894161)
(200918, 0.9962195808130538)
(200919, 0.9970688976101053)
(200920, 0.9951488915771114)
(200921, 0.9923111276778305)
(200922, 0.9946866120910344)
(200923, 0.9965574231661861)
(200924, 0.9955517891301902)
(200925, 0.9959105166181415)
(200926, 0.9955132352527497)
(200927, 0.9950403662498769)
(200928, 0.9941174402250351)
(200929, 0.9932578304102615)
(200930, 0.9948876262271104)
(200931, 0.9955065187122906)
(200932, 0.9951057605760576)
(200933, 0.9957404542577878)
(200934, 0.9956402809909219)
(200935, 0.9958214087319724)
(200936, 0.9949917378616883)
(200937, 0.9948406308669147)
(200938, 0.9953768483817211)
(200939, 0.994529640489098)
(200940, 0.9914500467575568)
(200941, 0.9637950430655651)
(200942, 0.9864406898830742)
(200943, 0.9884464490364131)
(200944, 0.9525578108851094)
(200945, 0.9957973887916306)
(200946, 0.9959802439624565)
(200947, 0.9571542566280222)
(200948, 0.9961947781458991)
(200949, 0.9957536781829398)
(200950, 0.9945902244406559)
(200951, 0.9639898203445476)
(200952, 0.9951018126983793)
(200953, 0.9959226283581197)
(200954, 0.993527263524557)
(200955, 0.9962320521607705)
(200956, 0.9954184226158048)
(200957, 0.9806265443055326)
(200958, 0.9961776790515723)
(200959, 0.996318283107334)
(200960, 0.9965169102076322)
(200961, 0.9962076146458478)
(200962, 0.9955538762993489)
(200963, 0.9597458855782157)
(200964, 0.9949880060101751)
(200965, 0.9918950503923308)
(200966, 0.9961461137783901)
(200967, 0.995979221290445)
(200968, 0.9960214532239584)
(200969, 0.9806505125127623)
(200970, 0.993642224904976)
(200971, 0.9960427008742258)
(200972, 0.995910965535783)
(200973, 0.982812942042661)
(200974, 0.9963433362970877)
(200975, 0.996304730577432)
(200976, 0.9959990370980807)
(200977, 0.9949588927486422)
(200978, 0.9889778749244458)
(200979, 0.9952401534958253)
(200980, 0.9957111029897531)
(200981, 0.9959729562577307)
(200982, 0.9959449012579943)
(200983, 0.9954231439574959)
(200984, 0.9964387114003401)
(200985, 0.9699200961376286)
(200986, 0.996240284473429)
(200987, 0.9947505270555165)
(200988, 0.9961384941884162)
(200989, 0.99506162862604)
(200990, 0.9964390117071662)
(200991, 0.9637195379037018)
(200992, 0.995894526034713)
(200993, 0.9951813620776885)
(200994, 0.9861960172576134)
(200995, 0.992428793771585)
(200996, 0.9959544680028809)
(200997, 0.9960089797954602)
(200998, 0.9958948577692056)
(200999, 0.9961566296382173)
(201000, 0.9962778851220797)
(201001, 0.982136207465906)
(201002, 0.9959600075881596)
(201003, 0.9966169633117927)
(201004, 0.9962446361354531)
(201005, 0.996720689515867)
(201006, 0.993371213784503)
(201007, 0.9947483327273717)
(201008, 0.9969017354847888)
(201009, 0.9971845531553906)
(201010, 0.997045800628426)
(201011, 0.9967366810746823)
(201012, 0.9934961948436751)
(201013, 0.9972671021271289)
(201014, 0.9967928846299083)
(201015, 0.9971283496001644)
(201016, 0.996271265029981)
(201017, 0.979642411788468)
(201018, 0.9961888235934652)
(201019, 0.9962345337513282)
(201020, 0.9968404950535044)
(201021, 0.9967439467089099)
(201022, 0.9970021548658345)
(201023, 0.9970794690007498)
(201024, 0.994399613645344)
(201025, 0.9965351498771585)
(201026, 0.989324618353789)
(201027, 0.9959135936668604)
(201028, 0.9971516725582441)
(201029, 0.9971253720597403)
(201030, 0.9973484256496796)
(201031, 0.996114005559448)
(201032, 0.997057010758768)
(201033, 0.9914468381747402)
(201034, 0.9651135635332437)
(201035, 0.9933082825586909)
(201036, 0.99707471932406)
(201037, 0.996850012115338)
(201038, 0.9668797659828877)
(201039, 0.9903518459666503)
(201040, 0.9969010459189496)
(201041, 0.996883531880152)
(201042, 0.9971557091238531)
(201043, 0.9961409484347842)
(201044, 0.9923469656482519)
(201045, 0.9971575846316447)
(201046, 0.9968363430794566)
(201047, 0.9836622764667259)
(201048, 0.9950790546447895)
(201049, 0.9967381419698251)
(201050, 0.9968013875868559)
(201051, 0.9973228235872409)
(201052, 0.9951232186055003)
(201053, 0.9844657637651519)
(201054, 0.9968928452935384)
(201055, 0.995806277768708)
(201056, 0.9948092664336659)
(201057, 0.9963470528036062)
(201058, 0.9962101863310426)
(201059, 0.9958697052623079)
(201060, 0.988574628267307)
(201061, 0.9944006108424536)
(201062, 0.9974531035802238)
(201063, 0.9925647817089417)
(201064, 0.9967106995292474)
(201065, 0.9745793651072254)
(201066, 0.9967599369539195)
(201067, 0.9961017990346643)
(201068, 0.9965915353536062)
(201069, 0.9970672170680596)
(201070, 0.9930937529617005)
(201071, 0.9811524407580443)
(201072, 0.9958879515048553)
(201073, 0.9963004368222367)
(201074, 0.9889751757180087)
(201075, 0.9876099702884982)
(201076, 0.9961128143750406)
(201077, 0.9561815913195011)
(201078, 0.997279923908065)
(201079, 0.987919521975274)
(201080, 0.9966710713113733)
(201081, 0.9941125993882719)
(201082, 0.9965939540490885)
(201083, 0.9961395178257765)
(201084, 0.9962869701781939)
(201085, 0.9938725124629095)
(201086, 0.9943095180023127)
(201087, 0.9957800132302288)
(201088, 0.9970451734030513)
(201089, 0.9965030363750893)
(201090, 0.9960802272555801)
(201091, 0.9923939228584112)
(201092, 0.994039765310276)
(201093, 0.9973980265004773)
(201094, 0.9967050319320654)
(201095, 0.9973226567105522)
(201096, 0.9973876093028479)
(201097, 0.9974332612845273)
(201098, 0.997473648752965)
(201099, 0.9974824561403509)
(201100, 0.9975333679527305)
(201101, 0.9970895553809016)
(201102, 0.9954966808415084)
(201103, 0.9960774131978556)
(201104, 0.9967861904427759)
(201105, 0.9960880487257213)
(201106, 0.9937585079360625)
(201107, 0.9973318785259199)
(201108, 0.9954268854230438)
(201109, 0.9969758577319986)
(201110, 0.9970232613618624)
(201111, 0.9931502644296126)
(201112, 0.9960884261265069)
(201113, 0.9968778009896319)
(201114, 0.9967585714561346)
(201115, 0.9955185423598601)
(201116, 0.9941364764485604)
(201117, 0.9614867875020608)
(201118, 0.99545207401561)
(201119, 0.993577207681393)
(201120, 0.985951435110889)
(201121, 0.9971780494691962)
(201122, 0.9971728127005952)
(201123, 0.9971710985538053)
(201124, 0.9966257098461225)
(201125, 0.9969361734964101)
(201126, 0.9963714613417701)
(201127, 0.9968888218561142)
(201128, 0.9924588260672076)
(201129, 0.9961558022482945)
(201130, 0.9877783584523814)
(201131, 0.9960682255807346)
(201132, 0.9948372071816132)
(201133, 0.9924488199746774)
(201134, 0.9965699254712845)
(201135, 0.9951881429107526)
(201136, 0.9936994314933733)
(201137, 0.9943851552060939)
(201138, 0.9885162077708923)
(201139, 0.9916410948815515)
(201140, 0.9892266661055555)
(201141, 0.9907014667590149)
(201142, 0.955720805943403)
(201143, 0.9816857202973769)
(201144, 0.9928620022162685)
(201145, 0.9960514503731134)
(201146, 0.9932391679407515)
(201147, 0.995530830083878)
(201148, 0.9916947191247633)
(201149, 0.9935006872755835)
(201150, 0.9924961779598019)
(201151, 0.9947929815703105)
(201152, 0.991433961205627)
(201153, 0.9952121318373072)
(201154, 0.9960361706006928)
(201155, 0.9881367282825166)
(201156, 0.9956786530721008)
(201157, 0.9962835184561876)
(201158, 0.9935891592454947)
(201159, 0.9884108630409784)
(201160, 0.9967026089883267)
(201161, 0.9953230644095369)
(201162, 0.9887828743818661)
(201163, 0.9958683553179368)
(201164, 0.996189174028888)
(201165, 0.9966379660921877)
(201166, 0.9963645669733004)
(201167, 0.9962524364421634)
(201168, 0.995847589533612)
(201169, 0.9964278139728914)
(201170, 0.9946207629086792)
(201171, 0.9967451602443321)
(201172, 0.996010817764831)
(201173, 0.9966558642435119)
(201174, 0.9964105377357995)
(201175, 0.9962318185243801)
(201176, 0.9900924332339013)
(201177, 0.965412448013516)
(201178, 0.9902416454604723)
(201179, 0.9936592615440697)
(201180, 0.9964774169126049)
(201181, 0.9965756065417481)
(201182, 0.9762907013423995)
(201183, 0.9941205128384867)
(201184, 0.9907944658143998)
(201185, 0.9840530490219788)
(201186, 0.9951739244720932)
(201187, 0.9685376325243144)
(201188, 0.9962428809252607)
(201189, 0.980941032156313)
(201190, 0.9960133181459739)
(201191, 0.9799614474721808)
(201192, 0.9949706475072286)
(201193, 0.9961219661789188)
(201194, 0.9961429948304565)
(201195, 0.9962901953912205)
(201196, 0.9815385963375098)
(201197, 0.9966336633663366)
(201198, 0.9835363182335932)
(201199, 0.9942434066415491)
(201200, 0.9968316831683168)
(201201, 0.9968492070445982)
(201202, 0.9961096994655217)
(201203, 0.9962463857005169)
(201204, 0.9962849382283361)
(201205, 0.9962078331726978)
(201206, 0.9961009853554762)
(201207, 0.9963060639779906)
(201208, 0.9952301931228567)
(201209, 0.9847375328773869)
(201210, 0.9969475493657667)
(201211, 0.9954914779646643)
(201212, 0.9967478820055896)
(201213, 0.9968968640980668)
(201214, 0.9963169394502743)
(201215, 0.9966533970648015)
(201216, 0.9965202825824899)
(201217, 0.9969022889421527)
(201218, 0.9906982367122673)
(201219, 0.989196860326582)
(201220, 0.9969076752726151)
(201221, 0.9972966627889049)
(201222, 0.9972669170824691)
(201223, 0.9973422893102917)
(201224, 0.9973633496846531)
(201225, 0.9943763927625401)
(201226, 0.9974860462427341)
(201227, 0.9980203986531704)
(201228, 0.997983637860659)
(201229, 0.9979573782266329)
(201230, 0.9978733206853724)
(201231, 0.9973408122259574)
(201232, 0.9967470075798052)
(201233, 0.9968521564567578)
(201234, 0.9970869279614627)
(201235, 0.9969047948528857)
(201236, 0.9967576770884606)
(201237, 0.996144650067)
(201238, 0.9972236964948511)
(201239, 0.9963426809829921)
(201240, 0.9970293457204011)
(201241, 0.9971344797749621)
(201242, 0.997306168488827)
(201243, 0.9972834368464748)
(201244, 0.9971923986338559)
(201245, 0.996887687010253)
(201246, 0.9954252967777416)
(201247, 0.997653133067355)
(201248, 0.9960454094875145)
(201249, 0.9973064326870873)
(201250, 0.9974413220361542)
(201251, 0.9971664045561693)
(201252, 0.9976848203371546)
(201253, 0.9967636973706793)
(201254, 0.9975080118382572)
(201255, 0.9977654727005909)
(201256, 0.9979091001425454)
(201257, 0.9979231386173637)
(201258, 0.9765594628954475)
(201259, 0.9934456371373036)
(201260, 0.9978094060706243)
(201261, 0.9977358926676543)
(201262, 0.9929661316700928)
(201263, 0.9963631715525423)
(201264, 0.9939188597643186)
(201265, 0.9832258832675559)
(201266, 0.9910019855513494)
(201267, 0.9941642416665791)
(201268, 0.990203837224368)
(201269, 0.9816860719600805)
(201270, 0.976008389972652)
(201271, 0.9836037159074594)
(201272, 0.9942679162632556)
(201273, 0.9831558933364147)
(201274, 0.9809659533567816)
(201275, 0.9961484256689922)
(201276, 0.9969432933650558)
(201277, 0.9896167784177448)
(201278, 0.9971376952406962)
(201279, 0.9958177673985428)
(201280, 0.9970467444164738)
(201281, 0.9970327812030628)
(201282, 0.9945715536105033)
(201283, 0.9931046917504875)
(201284, 0.9936807021597645)
(201285, 0.9947468290172492)
(201286, 0.9959004484650312)
(201287, 0.9963748645606689)
(201288, 0.9956747541121344)
(201289, 0.996058147574413)
(201290, 0.9954140724961623)
(201291, 0.9967566394373741)
(201292, 0.9978068678467223)
(201293, 0.9959725975608048)
(201294, 0.9976143802289354)
(201295, 0.9934400750505822)
(201296, 0.9984318008387065)
(201297, 0.9959535427503308)
(201298, 0.9972382265844318)
(201299, 0.9981290876983578)
(201300, 0.9975883245506111)
(201301, 0.998361903761846)
(201302, 0.9972576272788207)
(201303, 0.9976899289653157)
(201304, 0.9983479723285364)
(201305, 0.9983357454233)
(201306, 0.998265769510093)
(201307, 0.9978353046585574)
(201308, 0.9967941258305612)
(201309, 0.9976726198600772)
(201310, 0.9973803986623759)
(201311, 0.9980943848222739)
(201312, 0.9935027778992956)
(201313, 0.9935623406552448)
(201314, 0.9959246310469971)
(201315, 0.9959159390365536)
(201316, 0.9935432844909343)
(201317, 0.9971320984500384)
(201318, 0.9964024371038919)
(201319, 0.9976482857332835)
(201320, 0.9839247031485675)
(201321, 0.993084852291955)
(201322, 0.9964567363129411)
(201323, 0.9964147922626703)
(201324, 0.9639909504954306)
(201325, 0.9969730425821172)
(201326, 0.9976694503787144)
(201327, 0.9956643378667073)
(201328, 0.9832977277141193)
(201329, 0.9972425328805209)
(201330, 0.9971218062109497)
(201331, 0.964406628419058)
(201332, 0.9965899090000857)
(201333, 0.9972110682448451)
(201334, 0.9969171712859525)
(201335, 0.9976258002207988)
(201336, 0.9971936896507684)
(201337, 0.9963854325584)
(201338, 0.9939868855671258)
(201339, 0.9961353485271811)
(201340, 0.9629075628193892)
(201341, 0.9867618836018454)
(201342, 0.9971064440226376)
(201343, 0.9975298404717795)
(201344, 0.9966201854699465)
(201345, 0.9966517212846614)
(201346, 0.9916049296329016)
(201347, 0.9968039940453178)
(201348, 0.9976664410076637)
(201349, 0.9977434376016765)
(201350, 0.9941452646088506)
(201351, 0.9977644914480428)
(201352, 0.995362871486295)
(201353, 0.9973324703947943)
(201354, 0.9966187969004181)
(201355, 0.9980338994909829)
(201356, 0.9971697948188704)
(201357, 0.9965680701079256)
(201358, 0.9965348353128444)
(201359, 0.9967762248771187)
(201360, 0.9953383826899194)
(201361, 0.9957529430285644)
(201362, 0.9966607776942049)
(201363, 0.9968077104724589)
(201364, 0.9967272759076081)
(201365, 0.9970369230177207)
(201366, 0.9946808789755663)
(201367, 0.9923056606479757)
(201368, 0.9956570181222857)
(201369, 0.9969881098552823)
(201370, 0.9965806255268985)
(201371, 0.9973204978417065)
(201372, 0.9974866901265574)
(201373, 0.9823738157243473)
(201374, 0.989480054077594)
(201375, 0.9941969774612563)
(201376, 0.9978802702480538)
(201377, 0.9615527894908976)
(201378, 0.9933819658569603)
(201379, 0.9978120611223724)
(201380, 0.9803522738998655)
(201381, 0.9960666070857039)
(201382, 0.9952183653945373)
(201383, 0.9955664068307067)
(201384, 0.995755293640286)
(201385, 0.9949892526903253)
(201386, 0.9961295693555636)
(201387, 0.9962939708379753)
(201388, 0.9963202051170836)
(201389, 0.9965300793499495)
(201390, 0.9963044645496186)
(201391, 0.9964968982771315)
(201392, 0.9969219307189565)
(201393, 0.9976669960387902)
(201394, 0.9979363522052175)
(201395, 0.9978646790635367)
(201396, 0.9944212921266768)
(201397, 0.9978892143575394)
(201398, 0.9981323218492112)
(201399, 0.9979697153579404)
(201400, 0.9817171695975154)
(201401, 0.9979487843093366)
(201402, 0.9844141264356561)
(201403, 0.9818543310391137)
(201404, 0.997551933972162)
(201405, 0.997441806787343)
(201406, 0.9975852252857162)
(201407, 0.9848121363025962)
(201408, 0.9972215810934626)
(201409, 0.997618531392722)
(201410, 0.9975328889852498)
(201411, 0.997118538567522)
(201412, 0.9979071231248033)
(201413, 0.9975067663493884)
(201414, 0.9957164537132227)
(201415, 0.9978530117280109)
(201416, 0.997704433084137)
(201417, 0.9968862493203422)
(201418, 0.9957953589854315)
(201419, 0.9976223568387835)
(201420, 0.9973863773441748)
(201421, 0.997428371132723)
(201422, 0.997097998493057)
(201423, 0.9959127660504349)
(201424, 0.9954355780173522)
(201425, 0.995571995713594)
(201426, 0.9925862994253989)
(201427, 0.9976068818317055)
(201428, 0.9970807411071857)
(201429, 0.9889087193722458)
(201430, 0.9952524039512025)
(201431, 0.9966281352311799)
(201432, 0.9954063573357572)
(201433, 0.9970022880495295)
(201434, 0.9975704015479514)
(201435, 0.9979584666826307)
(201436, 0.9976176618128493)
(201437, 0.9976456605521424)
(201438, 0.9963593017829458)
(201439, 0.9980931607215577)
(201440, 0.9977873283475398)
(201441, 0.9741246873727426)
(201442, 0.9982173286144973)
(201443, 0.9982208489242078)
(201444, 0.998023387295501)
(201445, 0.9979762285498577)
(201446, 0.9975900329775763)
(201447, 0.9976267661630681)
(201448, 0.9976250517717743)
(201449, 0.9958530588278469)
(201450, 0.9977404467030269)
(201451, 0.9979833812440476)
(201452, 0.9978488535665169)
(201453, 0.9974958934749939)
(201454, 0.9977423125918496)
(201455, 0.9945166222532873)
(201456, 0.9954917409743081)
(201457, 0.9965070217773825)
(201458, 0.9939017890997538)
(201459, 0.9976830576649555)
(201460, 0.9953050248639733)
(201461, 0.992406372636383)
(201462, 0.9975678324879571)
(201463, 0.9970070081088589)
(201464, 0.9975766364692624)
(201465, 0.9981549847733828)
(201466, 0.9973478276821796)
(201467, 0.9967136125627009)
(201468, 0.9974561509257269)
(201469, 0.99807638885249)
(201470, 0.9975802196496647)
(201471, 0.9981375813716207)
(201472, 0.996058576265501)
(201473, 0.9981376301780782)
(201474, 0.998114944697474)
(201475, 0.9959609018090338)
(201476, 0.9938243782450403)
(201477, 0.9949774640997868)
(201478, 0.9966126744324177)
(201479, 0.997550813629495)
(201480, 0.9976713798079107)
(201481, 0.9982426412787143)
(201482, 0.9982968182818652)
(201483, 0.9985186893195404)
(201484, 0.9872291143353236)
(201485, 0.9984575934265182)
(201486, 0.9983667808464443)
(201487, 0.9981571955835576)
(201488, 0.998192155527026)
(201489, 0.9936507991958261)
(201490, 0.9715853217611232)
(201491, 0.9868879775312299)
(201492, 0.9837214907760936)
(201493, 0.9981905257605556)
(201494, 0.9981381538730242)
(201495, 0.9968142909788894)
(201496, 0.9984001816387659)
(201497, 0.9983792459651433)
(201498, 0.9975287339258551)
(201499, 0.9981190696992084)
(201500, 0.9981313209814232)
(201501, 0.9979147856368199)
(201502, 0.9980422975498158)
(201503, 0.9984370033774698)
(201504, 0.9981803067981783)
(201505, 0.9982781262660836)
(201506, 0.9962122799664711)
(201507, 0.9970994397954764)
(201508, 0.9967676929954458)
(201509, 0.9979673660976223)
(201510, 0.9854747003436618)
(201511, 0.9972042552597021)
(201512, 0.9980214998183901)
(201513, 0.9978852923919421)
(201514, 0.9983026459165713)
(201515, 0.9986099857506077)
(201516, 0.9773563884775502)
(201517, 0.9985733145204102)
(201518, 0.9982589896901456)
(201519, 0.9971990165125311)
(201520, 0.9983358246486547)
(201521, 0.9983690033807382)
(201522, 0.9983375708977117)
(201523, 0.9983707496297952)
(201524, 0.9981210360146405)
(201525, 0.9984091671090498)
(201526, 0.9985244195468135)
(201527, 0.9985837920147523)
(201528, 0.9978154424296611)
(201529, 0.9981978709731497)
(201530, 0.9983934733107023)
(201531, 0.9982415763299062)
(201532, 0.9981106377034294)
(201533, 0.9979814488866539)
(201534, 0.9981892662075517)
(201535, 0.9670859641280661)
(201536, 0.9980548687647544)
(201537, 0.9873166643385948)
(201538, 0.9972814320235783)
(201539, 0.9727029556375014)
(201540, 0.9973024597376838)
(201541, 0.9982296002458306)
(201542, 0.9983378698545112)
(201543, 0.9981685141569142)
(201544, 0.9981318495213519)
(201545, 0.9984338962809838)
(201546, 0.9982523190381993)
(201547, 0.9983361239194845)
(201548, 0.993861292445863)
(201549, 0.9932467233164385)
(201550, 0.9949821827330517)
(201551, 0.9976412417788284)
(201552, 0.9960454571643571)
(201553, 0.9573118885953779)
(201554, 0.9979624938237548)
(201555, 0.9859871254751126)
(201556, 0.9936779692680516)
(201557, 0.9979572560186745)
(201558, 0.9985753170181525)
(201559, 0.9954099368146114)
(201560, 0.9976709226742836)
(201561, 0.994470623770207)
(201562, 0.986933422259624)
(201563, 0.9955129469811911)
(201564, 0.9979170995130587)
(201565, 0.9981301035863251)
(201566, 0.9983448535946183)
(201567, 0.9965535663778925)
(201568, 0.9966513843156288)
(201569, 0.9875798952828393)
(201570, 0.9971001538088197)
(201571, 0.9975837862279306)
(201572, 0.9981162873927427)
(201573, 0.9982978708546608)
(201574, 0.9983607415942181)
(201575, 0.9826175762019482)
(201576, 0.9674801857477043)
(201577, 0.9980133375231311)
(201578, 0.9980726929925631)
(201579, 0.9971212597325513)
(201580, 0.9974512063126287)
(201581, 0.9943158409273419)
(201582, 0.9984235885618519)
(201583, 0.9979260500680842)
(201584, 0.9973709018539856)
(201585, 0.9971474459690653)
(201586, 0.9813100101253448)
(201587, 0.9981425229566007)
(201588, 0.9972329876750113)
(201589, 0.9970339722775042)
(201590, 0.9984445375510632)
(201591, 0.998276945637373)
(201592, 0.9979155755734785)
(201593, 0.9979417618099927)
(201594, 0.9973970880904997)
(201595, 0.9982437764044552)
(201596, 0.9981564889494082)
(201597, 0.9984218428127509)
(201598, 0.9958765406235816)
(201599, 0.9931846312037051)
(201600, 0.9670583470517482)
(201601, 0.9984498262164413)
(201602, 0.9984236628628587)
(201603, 0.9654554817536724)
(201604, 0.9975055117890316)
(201605, 0.9951367759931992)
(201606, 0.9909631876888488)
(201607, 0.9977290460422387)
(201608, 0.9969785039143298)
(201609, 0.9980677323521301)
(201610, 0.9976592855322551)
(201611, 0.9499727704971828)
(201612, 0.9980957035511376)
(201613, 0.9972055581640116)
(201614, 0.9964411072188448)
(201615, 0.9975564588900389)
(201616, 0.9646599074608996)
(201617, 0.9979160667068094)
(201618, 0.9970626375525121)
(201619, 0.9973401748782659)
(201620, 0.9969492720488395)
(201621, 0.997727693172259)
(201622, 0.9981012017577845)
(201623, 0.9980052425645983)
(201624, 0.9977330238564772)
(201625, 0.9981937740175701)
(201626, 0.9982566205662929)
(201627, 0.9982322135025382)
(201628, 0.9978413411954816)
(201629, 0.9980246017356282)
(201630, 0.9952448011279855)
(201631, 0.9985708427490774)
(201632, 0.9989704627508188)
(201633, 0.9920255600866196)
(201634, 0.9955608911720364)
(201635, 0.9556828175384229)
(201636, 0.9974437449398365)
(201637, 0.9932595954361372)
(201638, 0.9977142577968237)
(201639, 0.9983302101108656)
(201640, 0.9583029448610622)
(201641, 0.9983180433470239)
(201642, 0.9963569746139754)
(201643, 0.9990386594970322)
(201644, 0.9971561417741837)
(201645, 0.9991625565056275)
(201646, 0.9970480477336963)
(201647, 0.9558742454377334)
(201648, 0.9981471853617175)
(201649, 0.9968840993110475)
(201650, 0.9946458198490222)
(201651, 0.9977913660906657)
(201652, 0.9848380968331144)
(201653, 0.9955898335894882)
(201654, 0.9979083402968099)
(201655, 0.9975106282392797)
(201656, 0.9980287660598871)
(201657, 0.990895817379063)
(201658, 0.988439820605274)
(201659, 0.9930050290526786)
(201660, 0.9618683463665907)
(201661, 0.995374020555257)
(201662, 0.9983882558975182)
(201663, 0.9993005407291121)
(201664, 0.9708985618475332)
(201665, 0.9986848370785243)
(201666, 0.995840026791274)
(201667, 0.9988645263016522)
(201668, 0.9992988416934543)
(201669, 0.9995657065117861)
(201670, 0.99948025038676)
(201671, 0.9990494644735167)
(201672, 0.9883861876034457)
(201673, 0.9938487243122762)
(201674, 0.9984024695448956)
(201675, 0.9983222442163642)
(201676, 0.9990948505893064)
(201677, 0.9993407605321353)
(201678, 0.9998517603889807)
(201679, 1)
(201680, 0.9987548198412657)
(201681, 1)
(201682, 1)
(201683, 1)
(201684, 1)
(201685, 1)
(201686, 0.9994942898347026)
(201687, 0.9998029474183496)
(201688, 0.9819775360056918)
(201689, 1)
(201690, 1)
(201691, 1)
(201692, 1)
(201693, 1)
(201694, 0.9994629346436799)
(201695, 1)
(201696, 1)
(201697, 1)
(201698, 1)
(201699, 1)
(201700, 1)
(201701, 0.9991875050127105)
(201702, 0.993637869409816)
(201703, 1)
(201704, 1)
(201705, 1)
(201706, 1)
(201707, 0.9992817169058038)
(201708, 1)
(201709, 0.9995502139098963)
(201710, 1)
(201711, 1)
(201712, 1)
(201713, 1)
(201714, 1)
(201715, 0.9998692589422525)
(201716, 0.9996252141944458)
(201717, 1)
(201718, 1)
(201719, 0.9959350443798328)
(201720, 0.9911659915076383)
(201721, 1)
(201722, 1)
(201723, 0.9625022877212553)
(201724, 0.9988339157944276)
(201725, 1)
(201726, 0.9954716507558579)
(201727, 0.9999459673328953)
(201728, 0.9991232886262822)
(201729, 1)
(201730, 1)
(201731, 1)
(201732, 1)
(201733, 1)
(201734, 1)
(201735, 1)
(201736, 1)
(201737, 0.9975269568672696)
(201738, 1)
(201739, 1)
(201740, 1)
(201741, 1)
(201742, 0.9999093803533121)
(201743, 0.9998361875617564)
(201744, 0.9999668889752487)
(201745, 0.9915218349781381)
(201746, 0.999749053286095)
(201747, 1)
(201748, 1)
(201749, 0.9995730420492588)
(201750, 1)
(201751, 0.9988585429780352)
(201752, 1)
(201753, 1)
(201754, 1)
(201755, 1)
(201756, 0.999710726807609)
(201757, 1)
(201758, 1)
(201759, 0.9998466535625166)
(201760, 1)
(201761, 1)
(201762, 0.9998065743799924)
(201763, 0.9932788953480267)
(201764, 0.9863939888196507)
(201765, 0.9979036844966752)
(201766, 0.9690867522618599)
(201767, 0.9867425034502948)
(201768, 0.9996549705156622)
(201769, 0.9990363570462688)
(201770, 0.9980117240321749)
(201771, 0.9998170298189119)
(201772, 0.9994737429077273)
(201773, 0.9992140995078973)
(201774, 0.999400554835292)
(201775, 0.9980343774831667)
(201776, 0.9964033290117519)
(201777, 0.9997821783558474)
(201778, 0.9997943763679199)
(201779, 1)
(201780, 1)
(201781, 1)
(201782, 0.9995992081747592)
(201783, 0.9998902178913471)
(201784, 1)
(201785, 0.9997089902834121)
(201786, 1)
(201787, 0.9992611489830343)
(201788, 1)
(201789, 1)
(201790, 0.99896665412014)
(201791, 0.996711764459872)
(201792, 1)
(201793, 1)
(201794, 0.9996898219787267)
(201795, 0.9997142180028717)
(201796, 1)
(201797, 0.9999930297073871)
(201798, 0.9992820598608729)
(201799, 0.9950388942327799)
(201800, 0.9992646341293407)
(201801, 0.9978444370094657)
(201802, 0.9999564356711694)
(201803, 0.9962081608185912)
(201804, 1)
(201805, 0.9985989711848103)
(201806, 0.9999250693544115)
(201807, 0.9991513668743814)
(201808, 0.9988917234745515)
(201809, 0.997373942258096)
(201810, 1)
(201811, 1)
(201812, 0.9940316869502182)
(201813, 0.9992855450071794)
(201814, 0.999834455550444)
(201815, 0.9997699803437748)
(201816, 0.9983497832238998)
(201817, 0.9971857443575481)
(201818, 0.9882533143741374)
(201819, 0.9992472083978086)
(201820, 0.9990781788019462)
(201821, 0.9821647637767833)
(201822, 0.9966751704236544)
(201823, 0.9981894664938034)
(201824, 0.9987610304880599)
(201825, 0.9551583650481648)
(201826, 0.9985710900143588)
(201827, 0.982485397236976)
(201828, 0.9788068253105265)
(201829, 0.9983114466145289)
(201830, 0.9937441623799367)
(201831, 0.9969173880919521)
(201832, 0.9966821407162673)
(201833, 0.9917977653397645)
(201834, 0.9976754560218584)
(201835, 0.9990224505300723)
(201836, 0.9984003875313867)
(201837, 0.9965673282836467)
(201838, 0.9995243106861078)
(201839, 0.9970378682408945)
(201840, 0.9994981870263923)
(201841, 0.9995069050713855)
(201842, 0.9993518418494113)
(201843, 0.9943739959786877)
(201844, 0.9989790051398205)
(201845, 0.9989929576728611)
(201846, 0.999263022548374)
(201847, 0.9953133765640952)
(201848, 0.9990766260962888)
(201849, 0.9989006777121553)
(201850, 0.9925626918560692)
(201851, 0.963419733169802)
(201852, 0.9683065097787797)
(201853, 0.9996097547378214)
(201854, 1)
(201855, 0.9983170673068548)
(201856, 0.9984059233449477)
(201857, 0.998118493122047)
(201858, 0.9986446370832869)
(201859, 0.9991272141931348)
(201860, 0.9999355435507838)
(201861, 1)
(201862, 1)
(201863, 0.9889261481913754)
(201864, 0.9976518174897789)
(201865, 0.9970804903243339)
(201866, 0.9926943598158435)
(201867, 0.9997996812318733)
(201868, 0.9994896297289811)
(201869, 0.999932067702373)
(201870, 0.9996481504383314)
(201871, 1)
(201872, 1)
(201873, 1)
(201874, 1)
(201875, 0.9979325275938766)
(201876, 0.9971104558303825)
(201877, 0.9951911270110267)
(201878, 0.9934285923288874)
(201879, 0.9976295640905956)
(201880, 0.9976731386851143)
(201881, 0.99756518952509)
(201882, 0.9999024696088334)
(201883, 0.998359419492256)
(201884, 0.9988732050958298)
(201885, 0.9984726655903923)
(201886, 1)
(201887, 1)
(201888, 1)
(201889, 1)
(201890, 0.9912036125967193)
(201891, 0.9991222891534792)
(201892, 1)
(201893, 1)
(201894, 1)
(201895, 1)
(201896, 0.9924650855013408)
(201897, 0.9890643392980281)
(201898, 0.9925802227500365)
(201899, 1)
(201900, 1)
(201901, 1)
(201902, 0.9998345832455464)
(201903, 0.999059749440638)
(201904, 1)
(201905, 1)
(201906, 1)
(201907, 1)
(201908, 0.9997231672452878)
(201909, 0.9998607130793901)
(201910, 0.9999181696465103)
(201911, 0.9890540368788597)
(201912, 0.9999878128400436)
(201913, 0.9998189361453943)
(201914, 0.9996343953857215)
(201915, 0.9998363506900255)
(201916, 0.9776099525249519)
(201917, 0.9986159832177085)
(201918, 1)
(201919, 1)
(201920, 1)
(201921, 1)
(201922, 1)
(201923, 1)
(201924, 1)
(201925, 1)
(201926, 1)
(201927, 1)
(201928, 1)
(201929, 1)
(201930, 0.9970235971308172)
(201931, 1)
(201932, 1)
(201933, 0.999963449210938)
(201934, 1)
(201935, 1)
(201936, 0.9999651911787485)
(201937, 0.9997197928903973)
(201938, 0.9975495272223508)
(201939, 1)
(201940, 0.9972328480085207)
(201941, 0.9999477903119703)
(201942, 0.9994135193364589)
(201943, 1)
(201944, 0.999867740981153)
(201945, 0.99050880728389)
(201946, 1)
(201947, 0.9979500422869035)
(201948, 1)
(201949, 0.9795717711425816)
(201950, 1)
(201951, 1)
(201952, 1)
(201953, 1)
(201954, 0.998468665058765)
(201955, 0.9676318582838846)
(201956, 0.9994414253572007)
(201957, 0.9988671956567133)
(201958, 0.9994936382872097)
(201959, 1)
(201960, 0.9996276331037651)
(201961, 0.9993039943762746)
(201962, 1)
(201963, 0.9687847452407177)
(201964, 0.9567272809525218)
(201965, 1)
(201966, 1)
(201967, 0.9913718858145034)
(201968, 0.9975937657131623)
(201969, 0.9985646307621375)
(201970, 0.9995824438517467)
(201971, 0.9997964442109255)
(201972, 1)
(201973, 0.9997790524306842)
(201974, 0.9980932664120876)
(201975, 0.9998486464293606)
(201976, 1)
(201977, 0.9990257972370914)
(201978, 0.9997373168393823)
(201979, 0.9992798058607103)
(201980, 0.9532228239219418)
(201981, 1)
(201982, 0.9982656918358791)
(201983, 1)
(201984, 1)
(201985, 1)
(201986, 1)
(201987, 0.9998295346818648)
(201988, 1)
(201989, 0.9984571578656248)
(201990, 0.9725927562221592)
(201991, 1)
(201992, 1)
(201993, 1)
(201994, 0.999281670420649)
(201995, 1)
(201996, 1)
(201997, 1)
(201998, 1)
