(6398038, 6397952)
(6398070, 6397984)
(6398102, 6398016)
(6398134, 6398048)
(6398166, 6398080)
(6398198, 6398112)
(6398230, 6398144)
(6398262, 6398176)
(6398294, 6398208)
(6398326, 6398240)
(6398358, 6398272)
(6398390, 6398304)
(6398422, 6398336)
(6398454, 6398368)
(6398486, 6398400)
(6398518, 6398432)
(6398550, 6398464)
(6398583, 6398496)
(6398614, 6398528)
(6398647, 6398560)
(6398678, 6398591)
(6398710, 6398624)
(6398742, 6398656)
(6398774, 6398688)
(6398806, 6398720)
(6398838, 6398752)
(6398870, 6398784)
(6398902, 6398816)
(6398934, 6398848)
(6398967, 6398880)
(6398998, 6398912)
(6399030, 6398944)
(6399062, 6398976)
(6399094, 6399008)
(6399126, 6399040)
(6399158, 6399072)
(6399190, 6399104)
(6399222, 6399136)
(6399254, 6399168)
(6399286, 6399200)
(6399318, 6399232)
(6399350, 6399264)
(6399382, 6399296)
(6399414, 6399328)
(6399446, 6399360)
(6399478, 6399392)
(6399510, 6399424)
(6399542, 6399456)
(6399574, 6399488)
(6399606, 6399520)
(6399638, 6399552)
(6399670, 6399584)
(6399702, 6399616)
(6399734, 6399648)
(6399766, 6399680)
(6399798, 6399712)
(6399830, 6399744)
(6399862, 6399776)
(6399894, 6399808)
(6399926, 6399840)
(6399958, 6399872)
(6399990, 6399904)
(6400022, 6399936)
(6400054, 6399968)
(6400086, 6400000)
(6400118, 6400032)
(6400150, 6400064)
(6400182, 6400096)
(6400214, 6400128)
(6400246, 6400160)
(6400278, 6400192)
(6400310, 6400224)
(6400342, 6400256)
(6400374, 6400288)
(6400407, 6400320)
(6400438, 6400352)
(6400470, 6400384)
(6400502, 6400416)
(6400534, 6400448)
(6400566, 6400480)
(6400599, 6400512)
(6400630, 6400544)
(6400662, 6400576)
(6400694, 6400608)
(6400726, 6400640)
(6400758, 6400672)
(6400790, 6400704)
(6400822, 6400736)
(6400854, 6400768)
(6400886, 6400800)
(6400918, 6400832)
(6400950, 6400864)
(6400982, 6400896)
(6401014, 6400928)
(6401046, 6400960)
(6401078, 6400992)
(6401110, 6401024)
(6401142, 6401056)
(6401174, 6401088)
(6401206, 6401120)
(6401238, 6401152)
(6401270, 6401184)
(6401302, 6401216)
(6401334, 6401248)
(6401366, 6401280)
(6401398, 6401312)
(6401430, 6401344)
(6401462, 6401376)
(6401494, 6401408)
(6401526, 6401440)
(6401559, 6401472)
(6401590, 6401504)
(6401622, 6401536)
(6401655, 6401568)
(6401686, 6401600)
(6401718, 6401632)
(6401751, 6401664)
(6401782, 6401696)
(6401814, 6401728)
(6401847, 6401760)
(6401878, 6401792)
(6401910, 6401824)
(6401942, 6401856)
(6401974, 6401887)
(6402006, 6401920)
(6402038, 6401952)
(6402070, 6401984)
(6402102, 6402016)
(6402134, 6402048)
(6402166, 6402080)
(6402198, 6402112)
(6402230, 6402144)
(6402262, 6402176)
(6402294, 6402208)
(6402326, 6402240)
(6402358, 6402272)
(6402390, 6402304)
(6402422, 6402336)
(6402454, 6402368)
(6402486, 6402400)
(6402518, 6402431)
(6402550, 6402464)
(6402582, 6402496)
(6402614, 6402528)
(6402646, 6402560)
(6402678, 6402592)
(6402710, 6402624)
(6402742, 6402656)
(6402774, 6402688)
(6402806, 6402720)
(6402838, 6402752)
(6402870, 6402784)
(6402902, 6402816)
(6402934, 6402848)
(6402966, 6402880)
(6402998, 6402912)
(6403030, 6402944)
(6403062, 6402976)
(6403094, 6403008)
(6403126, 6403040)
(6403158, 6403072)
(6403190, 6403104)
(6403223, 6403136)
(6403254, 6403168)
(6403286, 6403200)
(6403319, 6403232)
(6403350, 6403264)
(6403382, 6403296)
(6403414, 6403328)
(6403447, 6403360)
(6403478, 6403392)
(6403510, 6403424)
(6403543, 6403456)
(6403574, 6403488)
(6403606, 6403519)
(6403638, 6403552)
(6403670, 6403584)
(6403702, 6403616)
(6403734, 6403648)
(6403766, 6403680)
(6403798, 6403712)
(6403830, 6403744)
(6403862, 6403776)
(6403894, 6403808)
(6403926, 6403840)
(6403958, 6403872)
(6403990, 6403904)
(6404023, 6403936)
(6404054, 6403968)
(6404086, 6404000)
(6404118, 6404032)
(6404150, 6404064)
(6404182, 6404096)
(6404214, 6404128)
(6404246, 6404160)
(6404278, 6404192)
(6404310, 6404224)
(6404342, 6404256)
(6404374, 6404288)
(6404406, 6404320)
(6404438, 6404351)
(6404470, 6404384)
(6404502, 6404416)
(6404534, 6404448)
(6404566, 6404480)
(6404598, 6404512)
(6404630, 6404544)
(6404662, 6404576)
(6404694, 6404608)
(6404726, 6404640)
(6404758, 6404672)
(6404790, 6404704)
(6404822, 6404736)
(6404855, 6404768)
(6404886, 6404800)
(6404918, 6404832)
(6404950, 6404864)
(6404982, 6404896)
(6405014, 6404928)
(6405047, 6404960)
(6405078, 6404992)
(6405110, 6405024)
(6405142, 6405056)
(6405174, 6405088)
(6405206, 6405120)
(6405238, 6405152)
(6405270, 6405184)
(6405302, 6405216)
(6405334, 6405248)
(6405366, 6405280)
(6405398, 6405312)
(6405430, 6405344)
(6405462, 6405376)
(6405494, 6405408)
(6405527, 6405440)
(6405558, 6405472)
(6405590, 6405504)
(6405622, 6405536)
(6405654, 6405568)
(6405686, 6405600)
(6405718, 6405632)
(6405750, 6405664)
(6405782, 6405696)
(6405814, 6405728)
(6405846, 6405760)
(6405878, 6405792)
(6405910, 6405824)
(6405942, 6405856)
(6405974, 6405888)
(6406006, 6405920)
(6406038, 6405952)
(6406070, 6405984)
(6406102, 6406016)
(6406134, 6406048)
(6406166, 6406080)
(6406198, 6406112)
(6406230, 6406144)
(6406262, 6406176)
(6406294, 6406207)
(6406326, 6406240)
(6406358, 6406272)
(6406390, 6406304)
(6406422, 6406336)
(6406454, 6406368)
(6406486, 6406400)
(6406518, 6406432)
(6406550, 6406464)
(6406582, 6406496)
(6406614, 6406528)
(6406646, 6406560)
(6406678, 6406592)
(6406710, 6406624)
(6406742, 6406656)
(6406774, 6406688)
(6406806, 6406720)
(6406838, 6406752)
(6406870, 6406784)
(6406902, 6406816)
(6406934, 6406848)
(6406966, 6406880)
(6406998, 6406912)
(6407030, 6406944)
(6407062, 6406976)
(6407094, 6407008)
(6407126, 6407040)
(6407158, 6407072)
(6407190, 6407104)
(6407222, 6407136)
(6407254, 6407168)
(6407286, 6407200)
(6407318, 6407232)
(6407350, 6407264)
(6407382, 6407295)
(6407414, 6407328)
(6407446, 6407360)
(6407478, 6407392)
(6407510, 6407424)
(6407542, 6407456)
(6407574, 6407488)
(6407606, 6407520)
(6407638, 6407552)
(6407670, 6407584)
(6407702, 6407616)
(6407734, 6407648)
(6407766, 6407680)
(6407798, 6407712)
(6407830, 6407744)
(6407862, 6407776)
(6407894, 6407808)
(6407926, 6407840)
(6407958, 6407872)
(6407990, 6407904)
(6408022, 6407936)
(6408054, 6407968)
(6408086, 6408000)
(6408118, 6408032)
(6408151, 6408064)
(6408182, 6408096)
(6408214, 6408128)
(6408246, 6408160)
(6408278, 6408192)
(6408310, 6408224)
(6408342, 6408256)
(6408375, 6408288)
(6408406, 6408320)
(6408438, 6408352)
(6408470, 6408384)
(6408502, 6408416)
(6408534, 6408448)
(6408566, 6408480)
(6408598, 6408512)
(6408630, 6408544)
(6408662, 6408576)
(6408694, 6408608)
(6408726, 6408640)
(6408758, 6408672)
(6408790, 6408703)
(6408822, 6408736)
(6408854, 6408768)
(6408886, 6408800)
(6408918, 6408832)
(6408950, 6408864)
(6408982, 6408896)
(6409014, 6408928)
(6409046, 6408960)
(6409078, 6408992)
(6409110, 6409024)
(6409142, 6409056)
(6409174, 6409088)
(6409206, 6409120)
(6409238, 6409152)
(6409270, 6409184)
(6409302, 6409216)
(6409334, 6409248)
(6409366, 6409280)
(6409398, 6409312)
(6409430, 6409344)
(6409462, 6409376)
(6409494, 6409408)
(6409526, 6409440)
(6409559, 6409472)
(6409590, 6409504)
(6409622, 6409536)
(6409654, 6409568)
(6409686, 6409600)
(6409718, 6409632)
(6409750, 6409664)
(6409782, 6409696)
(6409814, 6409728)
(6409846, 6409760)
(6409878, 6409792)
(6409910, 6409824)
(6409942, 6409856)
(6409974, 6409888)
(6410006, 6409920)
(6410038, 6409952)
(6410070, 6409984)
(6410102, 6410015)
(6410135, 6410048)
(6410166, 6410080)
(6410198, 6410112)
(6410230, 6410144)
(6410262, 6410176)
(6410294, 6410208)
(6410326, 6410240)
(6410358, 6410272)
(6410390, 6410304)
(6410423, 6410336)
(6410454, 6410368)
(6410486, 6410400)
(6410518, 6410432)
(6410550, 6410464)
(6410582, 6410496)
(6410614, 6410528)
(6410646, 6410560)
(6410678, 6410592)
(6410710, 6410624)
(6410742, 6410656)
(6410774, 6410688)
(6410806, 6410720)
(6410839, 6410752)
(6410870, 6410784)
(6410902, 6410816)
(6410934, 6410848)
(6410966, 6410880)
(6410998, 6410912)
(6411030, 6410944)
(6411062, 6410976)
(6411094, 6411008)
(6411126, 6411040)
(6411158, 6411072)
(6411190, 6411104)
(6411222, 6411135)
(6411254, 6411168)
(6411286, 6411200)
(6411318, 6411232)
(6411350, 6411264)
(6411382, 6411296)
(6411414, 6411328)
(6411446, 6411360)
(6411478, 6411392)
(6411510, 6411424)
(6411542, 6411456)
(6411574, 6411488)
(6411606, 6411520)
(6411639, 6411552)
(6411670, 6411584)
(6411702, 6411616)
(6411734, 6411648)
(6411766, 6411680)
(6411798, 6411712)
(6411830, 6411744)
(6411862, 6411776)
(6411894, 6411808)
(6411926, 6411840)
(6411958, 6411872)
(6411990, 6411904)
(6412022, 6411936)
(6412054, 6411968)
(6412086, 6412000)
(6412119, 6412032)
(6412150, 6412063)
(6412182, 6412096)
(6412214, 6412128)
(6412246, 6412160)
(6412278, 6412192)
(6412310, 6412224)
(6412342, 6412256)
(6412374, 6412288)
(6412406, 6412320)
(6412438, 6412352)
(6412470, 6412384)
(6412502, 6412416)
(6412534, 6412448)
(6412566, 6412480)
(6412598, 6412512)
(6412630, 6412544)
(6412662, 6412576)
(6412694, 6412608)
(6412726, 6412640)
(6412758, 6412672)
(6412790, 6412704)
(6412822, 6412736)
(6412854, 6412768)
(6412886, 6412800)
(6412918, 6412832)
(6412950, 6412864)
(6412982, 6412896)
(6413015, 6412928)
(6413046, 6412960)
(6413078, 6412992)
(6413110, 6413024)
(6413142, 6413056)
(6413174, 6413088)
(6413206, 6413120)
(6413238, 6413152)
(6413270, 6413184)
(6413302, 6413216)
(6413334, 6413248)
(6413366, 6413280)
(6413398, 6413312)
(6413430, 6413344)
(6413462, 6413376)
(6413494, 6413408)
(6413526, 6413439)
(6413558, 6413472)
(6413590, 6413504)
(6413623, 6413536)
(6413654, 6413568)
(6413686, 6413600)
(6413718, 6413632)
(6413750, 6413664)
(6413782, 6413696)
(6413814, 6413728)
(6413846, 6413760)
(6413879, 6413791)
(6413910, 6413824)
(6413942, 6413856)
(6413974, 6413888)
(6414006, 6413920)
(6414038, 6413952)
(6414071, 6413984)
(6414102, 6414016)
(6414134, 6414048)
(6414166, 6414080)
(6414198, 6414112)
(6414230, 6414144)
(6414262, 6414176)
(6414294, 6414208)
(6414326, 6414240)
(6414359, 6414272)
(6414390, 6414304)
(6414422, 6414336)
(6414454, 6414368)
(6414486, 6414400)
(6414518, 6414432)
(6414550, 6414464)
(6414582, 6414496)
(6414615, 6414528)
(6414646, 6414560)
(6414678, 6414592)
(6414710, 6414624)
(6414743, 6414656)
(6414774, 6414688)
(6414806, 6414720)
(6414838, 6414752)
(6414870, 6414784)
(6414902, 6414816)
(6414934, 6414848)
(6414966, 6414880)
(6414998, 6414912)
(6415030, 6414944)
(6415062, 6414975)
(6415095, 6415008)
(6415126, 6415040)
(6415158, 6415072)
(6415190, 6415104)
(6415223, 6415136)
(6415254, 6415168)
(6415286, 6415200)
(6415318, 6415232)
(6415350, 6415264)
(6415382, 6415296)
(6415414, 6415328)
(6415447, 6415360)
(6415478, 6415392)
(6415510, 6415424)
(6415542, 6415456)
(6415574, 6415488)
(6415606, 6415520)
(6415639, 6415551)
(6415670, 6415584)
(6415702, 6415616)
(6415734, 6415648)
(6415766, 6415680)
(6415798, 6415712)
(6415830, 6415744)
(6415862, 6415776)
(6415894, 6415808)
(6415926, 6415840)
(6415958, 6415871)
(6415990, 6415904)
(6416022, 6415936)
(6416054, 6415968)
(6416086, 6416000)
(6416118, 6416032)
(6416150, 6416064)
(6416182, 6416096)
(6416214, 6416128)
(6416246, 6416160)
(6416278, 6416192)
(6416310, 6416223)
(6416342, 6416256)
(6416375, 6416288)
(6416406, 6416320)
(6416438, 6416352)
(6416470, 6416384)
(6416502, 6416416)
(6416534, 6416448)
(6416566, 6416480)
(6416598, 6416512)
(6416631, 6416543)
(6416662, 6416576)
(6416695, 6416608)
(6416727, 6416640)
(6416758, 6416672)
(6416791, 6416704)
(6416822, 6416736)
(6416854, 6416768)
(6416886, 6416800)
(6416918, 6416832)
(6416950, 6416864)
(6416982, 6416894)
(6417014, 6416927)
(6417046, 6416960)
(6417078, 6416992)
(6417110, 6417024)
(6417142, 6417056)
(6417174, 6417088)
(6417206, 6417120)
(6417238, 6417152)
(6417270, 6417184)
(6417302, 6417216)
(6417334, 6417248)
(6417366, 6417280)
(6417398, 6417311)
(6417430, 6417344)
(6417462, 6417376)
(6417494, 6417407)
(6417526, 6417440)
(6417558, 6417472)
(6417590, 6417504)
(6417622, 6417536)
(6417659, 6417568)
(6417697, 6417600)
(6417784, 6417632)
(6417846, 6417760)
(6417878, 6417792)
(6417910, 6417824)
(6417942, 6417856)
(6417974, 6417887)
(6418006, 6417920)
(6418039, 6417952)
(6418070, 6417984)
(6418102, 6418016)
(6418134, 6418048)
(6418166, 6418080)
(6418198, 6418112)
(6418230, 6418144)
(6418262, 6418176)
(6418294, 6418208)
(6418326, 6418240)
(6418358, 6418272)
(6418390, 6418304)
(6418422, 6418336)
(6418454, 6418368)
(6418486, 6418400)
(6418518, 6418432)
(6418551, 6418464)
(6418582, 6418496)
(6418614, 6418528)
(6418646, 6418560)
(6418678, 6418592)
(6418710, 6418624)
(6418742, 6418656)
(6418774, 6418688)
(6418806, 6418720)
(6418838, 6418752)
(6418870, 6418784)
(6418902, 6418816)
(6418934, 6418848)
(6418966, 6418880)
(6418999, 6418911)
(6419030, 6418944)
(6419062, 6418976)
(6419094, 6419008)
(6419126, 6419040)
(6419158, 6419072)
(6419190, 6419104)
(6419222, 6419136)
(6419254, 6419168)
(6419286, 6419200)
(6419318, 6419232)
(6419350, 6419264)
(6419382, 6419296)
(6419414, 6419327)
(6419446, 6419360)
(6419478, 6419392)
(6419510, 6419424)
(6419542, 6419456)
(6419574, 6419488)
(6419606, 6419520)
(6419638, 6419552)
(6419670, 6419584)
(6419702, 6419616)
(6419734, 6419648)
(6419766, 6419680)
(6419798, 6419712)
(6419830, 6419744)
(6419862, 6419776)
(6419894, 6419808)
(6419926, 6419840)
(6419958, 6419872)
(6419990, 6419904)
(6420022, 6419936)
(6420054, 6419968)
(6420086, 6420000)
(6420118, 6420032)
(6420150, 6420064)
(6420182, 6420096)
(6420214, 6420128)
(6420246, 6420160)
(6420278, 6420192)
(6420312, 6420223)
(6420343, 6420256)
(6420374, 6420288)
(6420406, 6420320)
(6420438, 6420352)
(6420470, 6420384)
(6420502, 6420416)
(6420534, 6420447)
(6420566, 6420480)
(6420598, 6420512)
(6420630, 6420544)
(6420662, 6420576)
(6420694, 6420608)
(6420726, 6420640)
(6420758, 6420671)
(6420790, 6420704)
(6420822, 6420735)
(6420854, 6420768)
(6420886, 6420800)
(6420918, 6420832)
(6420950, 6420864)
(6420982, 6420896)
(6421015, 6420928)
(6421047, 6420960)
(6421078, 6420992)
(6421110, 6421024)
(6421142, 6421056)
(6421174, 6421088)
(6421207, 6421120)
(6421238, 6421152)
(6421270, 6421184)
(6421302, 6421216)
(6421334, 6421248)
(6421366, 6421280)
(6421398, 6421312)
(6421431, 6421344)
(6421462, 6421376)
(6421494, 6421408)
(6421526, 6421440)
(6421560, 6421472)
(6421590, 6421503)
(6421622, 6421536)
(6421654, 6421568)
(6421686, 6421600)
(6421718, 6421632)
(6421751, 6421664)
(6421782, 6421696)
(6421814, 6421728)
(6421846, 6421760)
(6421878, 6421792)
(6421910, 6421824)
(6421942, 6421856)
(6421974, 6421888)
(6422006, 6421920)
(6422038, 6421952)
(6422070, 6421984)
(6422103, 6422016)
(6422134, 6422048)
(6422166, 6422080)
(6422198, 6422112)
(6422231, 6422144)
(6422262, 6422176)
(6422294, 6422208)
(6422326, 6422240)
(6422358, 6422272)
(6422391, 6422304)
(6422422, 6422336)
(6422454, 6422368)
(6422486, 6422400)
(6422518, 6422432)
(6422550, 6422464)
(6422582, 6422496)
(6422615, 6422528)
(6422646, 6422560)
(6422678, 6422592)
(6422710, 6422624)
(6422743, 6422656)
(6422774, 6422688)
(6422806, 6422720)
(6422838, 6422752)
(6422870, 6422784)
(6422902, 6422816)
(6422934, 6422848)
(6422967, 6422880)
(6422998, 6422912)
(6423030, 6422944)
(6423062, 6422976)
(6423094, 6423008)
(6423126, 6423040)
(6423158, 6423072)
(6423190, 6423104)
(6423222, 6423136)
(6423254, 6423168)
(6423286, 6423200)
(6423318, 6423232)
(6423350, 6423264)
(6423382, 6423296)
(6423414, 6423328)
(6423446, 6423360)
(6423478, 6423392)
(6423510, 6423424)
(6423542, 6423455)
(6423574, 6423488)
(6423607, 6423520)
(6423638, 6423552)
(6423670, 6423584)
(6423702, 6423616)
(6423734, 6423648)
(6423766, 6423680)
(6423798, 6423712)
(6423830, 6423744)
(6423862, 6423776)
(6423894, 6423808)
(6423926, 6423840)
(6423958, 6423872)
(6423990, 6423904)
(6424315, 6423936)
(6424377, 6424287)
(6424407, 6424320)
(6424439, 6424352)
(6424472, 6424384)
(6424503, 6424416)
(6424535, 6424448)
(6424566, 6424480)
(6424598, 6424512)
(6424632, 6424544)
(6424663, 6424576)
(6424695, 6424608)
(6424727, 6424640)
(6424759, 6424672)
(6424791, 6424704)
(6424822, 6424736)
(6424855, 6424768)
(6424886, 6424800)
(6424918, 6424832)
(6424951, 6424864)
(6424982, 6424896)
(6425014, 6424928)
(6425046, 6424960)
(6425078, 6424992)
(6425110, 6425024)
(6425142, 6425056)
(6425174, 6425088)
(6425206, 6425120)
(6425238, 6425152)
(6425270, 6425184)
(6425302, 6425216)
(6425334, 6425248)
(6425366, 6425280)
(6425398, 6425312)
(6425430, 6425344)
(6425462, 6425376)
(6425494, 6425408)
(6425526, 6425440)
(6425558, 6425472)
(6425590, 6425504)
(6425622, 6425536)
(6425654, 6425568)
(6425686, 6425599)
(6425718, 6425632)
(6425750, 6425664)
(6425782, 6425696)
(6425814, 6425728)
(6425846, 6425760)
(6425878, 6425792)
(6425910, 6425824)
(6425942, 6425856)
(6425974, 6425888)
(6426006, 6425920)
(6426038, 6425952)
(6426070, 6425984)
(6426102, 6426016)
(6426134, 6426048)
(6426166, 6426080)
(6426198, 6426112)
(6426231, 6426144)
(6426263, 6426176)
(6426294, 6426208)
(6426326, 6426240)
(6426358, 6426272)
(6426390, 6426304)
(6426422, 6426336)
(6426454, 6426368)
(6426486, 6426400)
(6426518, 6426432)
(6426550, 6426464)
(6426583, 6426496)
(6426614, 6426528)
(6426646, 6426560)
(6426679, 6426592)
(6426710, 6426624)
(6426742, 6426656)
(6426774, 6426688)
(6426806, 6426720)
(6426838, 6426752)
(6426870, 6426784)
(6426903, 6426816)
(6426934, 6426848)
(6426966, 6426880)
(6426998, 6426912)
(6427030, 6426944)
(6427062, 6426976)
(6427094, 6427008)
(6427126, 6427040)
(6427158, 6427072)
(6427190, 6427104)
(6427222, 6427136)
(6427254, 6427168)
(6427286, 6427200)
(6427318, 6427232)
(6427350, 6427264)
(6427382, 6427296)
(6427414, 6427328)
(6427447, 6427360)
(6427478, 6427392)
(6427510, 6427424)
(6427542, 6427456)
(6427574, 6427488)
(6427606, 6427520)
(6427638, 6427552)
(6427671, 6427584)
(6427702, 6427616)
(6427734, 6427648)
(6427767, 6427680)
(6427799, 6427712)
(6427830, 6427744)
(6427862, 6427776)
(6427895, 6427808)
(6427926, 6427840)
(6427958, 6427872)
(6427990, 6427904)
(6428022, 6427936)
(6428054, 6427968)
(6428087, 6428000)
(6428118, 6428032)
(6428150, 6428064)
(6428183, 6428096)
(6428215, 6428128)
(6428246, 6428160)
(6428278, 6428192)
(6428311, 6428224)
(6428342, 6428256)
(6428374, 6428288)
(6428406, 6428320)
(6428438, 6428352)
(6428470, 6428384)
(6428502, 6428416)
(6428534, 6428448)
(6428566, 6428480)
(6428598, 6428512)
(6428630, 6428544)
(6428662, 6428576)
(6428694, 6428608)
(6428726, 6428640)
(6428758, 6428672)
(6428790, 6428704)
(6428822, 6428736)
(6428854, 6428768)
(6428886, 6428800)
(6428918, 6428832)
(6428950, 6428864)
(6428982, 6428896)
(6429014, 6428928)
(6429048, 6428960)
(6429078, 6428992)
(6429110, 6429024)
(6429142, 6429056)
(6429174, 6429088)
(6429206, 6429120)
(6429238, 6429152)
(6429270, 6429184)
(6429302, 6429216)
(6429334, 6429248)
(6429366, 6429280)
(6429398, 6429312)
(6429430, 6429344)
(6429462, 6429376)
(6429494, 6429408)
(6429526, 6429440)
(6429558, 6429472)
(6429590, 6429504)
(6429622, 6429536)
(6429654, 6429568)
(6429686, 6429600)
(6429718, 6429632)
(6429750, 6429664)
(6429782, 6429696)
(6429814, 6429728)
(6429846, 6429760)
(6429878, 6429792)
(6429910, 6429824)
(6429942, 6429856)
(6429974, 6429888)
(6430006, 6429920)
(6430038, 6429952)
(6430070, 6429984)
(6430102, 6430016)
(6430135, 6430048)
(6430166, 6430080)
(6430198, 6430112)
(6430231, 6430144)
(6430262, 6430175)
(6430294, 6430208)
(6430327, 6430240)
(6430358, 6430272)
(6430390, 6430304)
(6430423, 6430336)
(6430455, 6430368)
(6430486, 6430400)
(6430518, 6430432)
(6430550, 6430464)
(6430582, 6430496)
(6430614, 6430528)
(6430646, 6430560)
(6430678, 6430592)
(6430710, 6430624)
(6430742, 6430656)
(6430774, 6430688)
(6430806, 6430720)
(6430839, 6430752)
(6430870, 6430784)
(6430902, 6430816)
(6430934, 6430848)
(6430966, 6430880)
(6430998, 6430912)
(6431031, 6430944)
(6431062, 6430976)
(6431094, 6431008)
(6431126, 6431040)
(6431158, 6431072)
(6431190, 6431104)
(6431222, 6431136)
(6431254, 6431168)
(6431286, 6431200)
(6431318, 6431232)
(6431350, 6431264)
(6431382, 6431296)
(6431415, 6431328)
(6431446, 6431360)
(6431478, 6431392)
(6431510, 6431424)
(6431543, 6431456)
(6431574, 6431488)
(6431606, 6431520)
(6431638, 6431552)
(6431670, 6431584)
(6431702, 6431616)
(6431735, 6431648)
(6431766, 6431680)
(6431798, 6431712)
(6431830, 6431744)
(6431862, 6431776)
(6431894, 6431808)
(6431926, 6431840)
(6431958, 6431872)
(6431990, 6431904)
(6432022, 6431936)
(6432054, 6431968)
(6432086, 6432000)
(6432118, 6432032)
(6432150, 6432064)
(6432182, 6432096)
(6432214, 6432128)
(6432246, 6432160)
(6432278, 6432192)
(6432310, 6432224)
(6432342, 6432256)
(6432374, 6432288)
(6432406, 6432320)
(6432438, 6432352)
(6432470, 6432384)
(6432502, 6432416)
(6432534, 6432448)
(6432567, 6432480)
(6432598, 6432511)
(6432630, 6432544)
(6432662, 6432575)
(6432694, 6432608)
(6432726, 6432640)
(6432758, 6432672)
(6432790, 6432704)
(6432822, 6432736)
(6432854, 6432768)
(6432886, 6432800)
(6432918, 6432832)
(6432950, 6432864)
(6432982, 6432896)
(6433014, 6432928)
(6433046, 6432960)
(6433078, 6432991)
(6433111, 6433024)
(6433142, 6433056)
(6433174, 6433088)
(6433206, 6433120)
(6433239, 6433152)
(6433270, 6433184)
(6433302, 6433216)
(6433334, 6433248)
(6433366, 6433280)
(6433398, 6433312)
(6433430, 6433344)
(6433462, 6433376)
(6433494, 6433408)
(6433526, 6433440)
(6433558, 6433472)
(6433590, 6433504)
(6433622, 6433536)
(6433654, 6433568)
(6433686, 6433600)
(6433718, 6433632)
(6433750, 6433664)
(6433782, 6433696)
(6433814, 6433728)
(6433846, 6433760)
(6433879, 6433792)
(6433910, 6433824)
(6433942, 6433856)
(6433974, 6433888)
(6434006, 6433920)
(6434039, 6433952)
(6434070, 6433984)
(6434103, 6434016)
(6434134, 6434048)
(6434166, 6434080)
(6434198, 6434112)
(6434230, 6434144)
(6434262, 6434176)
(6434295, 6434207)
(6434326, 6434240)
(6434359, 6434272)
(6434390, 6434304)
(6434422, 6434336)
(6434454, 6434368)
(6434487, 6434400)
(6434518, 6434432)
(6434550, 6434464)
(6434582, 6434496)
(6434615, 6434528)
(6434646, 6434560)
(6434678, 6434592)
(6434710, 6434624)
(6434742, 6434656)
(6434774, 6434688)
(6434806, 6434720)
(6434838, 6434752)
(6434870, 6434784)
(6434902, 6434816)
(6434934, 6434848)
(6434967, 6434880)
(6434998, 6434912)
(6435030, 6434944)
(6435062, 6434976)
(6435094, 6435008)
(6435126, 6435040)
(6435158, 6435072)
(6435190, 6435104)
(6435222, 6435136)
(6435254, 6435168)
(6435286, 6435200)
(6435318, 6435232)
(6435350, 6435264)
(6435382, 6435296)
(6435414, 6435328)
(6435446, 6435360)
(6435478, 6435392)
(6435510, 6435424)
(6435542, 6435456)
(6435574, 6435488)
(6435606, 6435520)
(6435638, 6435552)
(6435670, 6435584)
(6435702, 6435616)
(6435734, 6435648)
(6435767, 6435680)
(6435798, 6435712)
(6435830, 6435744)
(6435862, 6435776)
(6435894, 6435808)
(6435926, 6435840)
(6435958, 6435872)
(6435990, 6435904)
(6436022, 6435936)
(6436054, 6435968)
(6436086, 6436000)
(6436119, 6436032)
(6436150, 6436063)
(6436182, 6436096)
(6436214, 6436128)
(6436246, 6436160)
(6436278, 6436192)
(6436310, 6436224)
(6436342, 6436256)
(6436374, 6436288)
(6436406, 6436320)
(6436438, 6436352)
(6436470, 6436384)
(6436502, 6436416)
(6436534, 6436448)
(6436567, 6436480)
(6436598, 6436512)
(6436630, 6436544)
(6436662, 6436576)
(6436694, 6436608)
(6436726, 6436640)
(6436758, 6436672)
(6436790, 6436704)
(6436822, 6436736)
(6436854, 6436768)
(6436886, 6436800)
(6436918, 6436832)
(6436950, 6436864)
(6436982, 6436896)
(6437014, 6436928)
(6437046, 6436960)
(6437078, 6436992)
(6437110, 6437024)
(6437142, 6437056)
(6437175, 6437088)
(6437206, 6437120)
(6437238, 6437152)
(6437270, 6437184)
(6437302, 6437216)
(6437334, 6437248)
(6437366, 6437280)
(6437398, 6437312)
(6437430, 6437344)
(6437462, 6437376)
(6437494, 6437408)
(6437526, 6437440)
(6437558, 6437472)
(6437590, 6437504)
(6437622, 6437536)
(6437654, 6437567)
(6437687, 6437600)
(6437718, 6437632)
(6437750, 6437664)
(6437782, 6437696)
(6437814, 6437728)
(6437847, 6437760)
(6437878, 6437792)
(6437910, 6437824)
(6437942, 6437856)
(6437974, 6437888)
(6438007, 6437920)
(6438038, 6437952)
(6438071, 6437984)
(6438102, 6438016)
(6438135, 6438048)
(6438166, 6438080)
(6438198, 6438112)
(6438230, 6438144)
(6438262, 6438176)
(6438294, 6438208)
(6438326, 6438240)
(6438358, 6438272)
(6438390, 6438304)
(6438422, 6438335)
(6438454, 6438368)
(6438486, 6438400)
(6438518, 6438432)
(6438550, 6438464)
(6438582, 6438496)
(6438614, 6438527)
(6438646, 6438560)
(6438678, 6438592)
(6438710, 6438624)
(6438742, 6438656)
(6438774, 6438688)
(6438806, 6438720)
(6438838, 6438752)
(6438870, 6438784)
(6438902, 6438816)
(6438934, 6438848)
(6438966, 6438880)
(6438998, 6438912)
(6439030, 6438944)
(6439062, 6438976)
(6439094, 6439008)
(6439126, 6439040)
(6439158, 6439072)
(6439190, 6439104)
(6439222, 6439136)
(6439254, 6439168)
(6439286, 6439199)
(6439318, 6439232)
(6439350, 6439264)
(6439382, 6439296)
(6439414, 6439328)
(6439446, 6439360)
(6439478, 6439392)
(6439510, 6439424)
(6439542, 6439456)
(6439574, 6439488)
(6439606, 6439520)
(6439638, 6439552)
(6439670, 6439584)
(6439703, 6439616)
(6439734, 6439648)
(6439766, 6439680)
(6439798, 6439712)
(6439830, 6439744)
(6439862, 6439776)
(6439894, 6439808)
(6439926, 6439840)
(6439958, 6439872)
(6439990, 6439904)
(6440022, 6439936)
(6440054, 6439968)
(6440086, 6440000)
(6440118, 6440032)
(6440150, 6440063)
(6440182, 6440096)
(6440214, 6440128)
(6440246, 6440160)
(6440279, 6440192)
(6440310, 6440224)
(6440342, 6440256)
(6440374, 6440288)
(6440406, 6440320)
(6440438, 6440352)
(6440470, 6440384)
(6440502, 6440416)
(6440534, 6440448)
(6440566, 6440480)
(6440598, 6440512)
(6440631, 6440544)
(6440663, 6440576)
(6440694, 6440608)
(6440726, 6440640)
(6440758, 6440672)
(6440791, 6440704)
(6440822, 6440736)
(6440854, 6440768)
(6440886, 6440800)
(6440918, 6440832)
(6440950, 6440864)
(6440982, 6440896)
(6441014, 6440928)
(6441046, 6440960)
(6441078, 6440992)
(6441110, 6441024)
(6441142, 6441056)
(6441174, 6441088)
(6441206, 6441120)
(6441238, 6441152)
(6441270, 6441184)
(6441302, 6441216)
(6441334, 6441248)
(6441366, 6441280)
(6441398, 6441311)
(6441430, 6441344)
(6441462, 6441376)
(6441494, 6441408)
(6441526, 6441440)
(6441558, 6441472)
(6441590, 6441504)
(6441622, 6441536)
(6441654, 6441568)
(6441686, 6441600)
(6441718, 6441632)
(6441750, 6441664)
(6441782, 6441696)
(6441814, 6441728)
(6441846, 6441760)
(6441878, 6441792)
(6441910, 6441824)
(6441942, 6441856)
(6441974, 6441888)
(6442006, 6441920)
(6442038, 6441951)
(6442070, 6441984)
(6442102, 6442016)
(6442135, 6442048)
(6442166, 6442080)
(6442198, 6442112)
(6442230, 6442144)
(6442262, 6442176)
(6442294, 6442208)
(6442326, 6442240)
(6442358, 6442272)
(6442391, 6442303)
(6442422, 6442335)
(6442454, 6442368)
(6442486, 6442400)
(6442518, 6442432)
(6442550, 6442464)
(6442582, 6442496)
(6442615, 6442528)
(6442646, 6442560)
(6442678, 6442592)
(6442710, 6442624)
(6442742, 6442656)
(6442774, 6442688)
(6442806, 6442720)
(6442838, 6442752)
(6442870, 6442784)
(6442903, 6442816)
(6442934, 6442848)
(6442966, 6442880)
(6442998, 6442912)
(6443030, 6442944)
(6443062, 6442976)
(6443094, 6443008)
(6443126, 6443040)
(6443158, 6443072)
(6443190, 6443104)
(6443222, 6443136)
(6443254, 6443168)
(6443286, 6443200)
(6443318, 6443232)
(6443350, 6443264)
(6443382, 6443296)
(6443414, 6443328)
(6443446, 6443360)
(6443478, 6443392)
(6443510, 6443424)
(6443542, 6443456)
(6443574, 6443488)
(6443606, 6443520)
(6443638, 6443552)
(6443670, 6443584)
(6443702, 6443616)
(6443734, 6443648)
(6443766, 6443680)
(6443798, 6443712)
(6443830, 6443744)
(6443862, 6443776)
(6443895, 6443808)
(6443926, 6443840)
(6443958, 6443872)
(6443990, 6443904)
(6444022, 6443936)
(6444054, 6443968)
(6444087, 6444000)
(6444118, 6444032)
(6444150, 6444064)
(6444183, 6444096)
(6444214, 6444128)
(6444246, 6444160)
(6444278, 6444192)
(6444310, 6444224)
(6444342, 6444256)
(6444374, 6444288)
(6444406, 6444319)
(6444438, 6444352)
(6444470, 6444384)
(6444502, 6444416)
(6444534, 6444447)
(6444566, 6444480)
(6444598, 6444512)
(6444630, 6444543)
(6444662, 6444576)
(6444694, 6444608)
(6444726, 6444640)
(6444758, 6444672)
(6444790, 6444704)
(6444823, 6444736)
(6444854, 6444768)
(6444886, 6444800)
(6444919, 6444832)
(6444950, 6444864)
(6444982, 6444895)
(6445014, 6444928)
(6445046, 6444960)
(6445078, 6444992)
(6445110, 6445024)
(6445142, 6445056)
(6445174, 6445088)
(6445206, 6445120)
(6445239, 6445152)
(6445270, 6445184)
(6445302, 6445216)
(6445334, 6445248)
(6445366, 6445280)
(6445398, 6445312)
(6445430, 6445344)
(6445462, 6445376)
(6445494, 6445408)
(6445526, 6445440)
(6445558, 6445472)
(6445590, 6445504)
(6445622, 6445536)
(6445654, 6445568)
(6445686, 6445600)
(6445718, 6445632)
(6445750, 6445664)
(6445782, 6445696)
(6445814, 6445728)
(6445846, 6445760)
(6445878, 6445792)
(6445910, 6445824)
(6445942, 6445856)
(6445974, 6445888)
(6446006, 6445920)
(6446038, 6445952)
(6446070, 6445984)
(6446102, 6446016)
(6446135, 6446048)
(6446166, 6446080)
(6446198, 6446112)
(6446230, 6446144)
(6446262, 6446176)
(6446294, 6446208)
(6446326, 6446240)
(6446358, 6446271)
(6446390, 6446304)
(6446423, 6446336)
(6446454, 6446368)
(6446486, 6446400)
(6446518, 6446432)
(6446550, 6446464)
(6446582, 6446496)
(6446614, 6446528)
(6446646, 6446560)
(6446678, 6446592)
(6446710, 6446624)
(6446742, 6446656)
(6446774, 6446688)
(6446806, 6446720)
(6446838, 6446751)
(6446870, 6446784)
(6446902, 6446815)
(6446934, 6446848)
(6446966, 6446880)
(6446998, 6446912)
(6447030, 6446944)
(6447062, 6446976)
(6447094, 6447008)
(6447126, 6447040)
(6447158, 6447072)
(6447190, 6447104)
(6447222, 6447136)
(6447254, 6447168)
(6447286, 6447200)
(6447318, 6447232)
(6447350, 6447264)
(6447382, 6447296)
(6447414, 6447328)
(6447446, 6447360)
(6447478, 6447392)
(6447510, 6447424)
(6447542, 6447456)
(6447574, 6447488)
(6447606, 6447520)
(6447638, 6447552)
(6447670, 6447584)
(6447703, 6447616)
(6447734, 6447648)
(6447766, 6447680)
(6447798, 6447712)
(6447830, 6447743)
(6447862, 6447776)
(6447894, 6447808)
(6447926, 6447840)
(6447958, 6447872)
(6447990, 6447904)
(6448022, 6447936)
(6448054, 6447968)
(6448086, 6448000)
(6448118, 6448032)
(6448150, 6448064)
(6448182, 6448096)
(6448214, 6448128)
(6448246, 6448160)
(6448278, 6448192)
(6448310, 6448223)
(6448342, 6448256)
(6448374, 6448288)
(6448406, 6448320)
(6448438, 6448352)
(6448470, 6448384)
(6448502, 6448416)
(6448535, 6448448)
(6448566, 6448480)
(6448598, 6448512)
(6448630, 6448544)
(6448662, 6448576)
(6448694, 6448608)
(6448726, 6448640)
(6448758, 6448672)
(6448790, 6448704)
(6448822, 6448736)
(6448854, 6448768)
(6448886, 6448800)
(6448918, 6448832)
(6448950, 6448864)
(6448982, 6448896)
(6449014, 6448928)
(6449046, 6448960)
(6449078, 6448992)
(6449110, 6449024)
(6449143, 6449056)
(6449174, 6449088)
(6449206, 6449120)
(6449238, 6449152)
(6449271, 6449184)
(6449302, 6449216)
(6449334, 6449248)
(6449366, 6449280)
(6449398, 6449312)
(6449430, 6449344)
(6449462, 6449376)
(6449494, 6449408)
(6449526, 6449440)
(6449558, 6449472)
(6449590, 6449504)
(6449622, 6449536)
(6449654, 6449568)
(6449686, 6449600)
(6449719, 6449632)
(6449751, 6449664)
(6449782, 6449696)
(6449814, 6449728)
(6449846, 6449760)
(6449878, 6449792)
(6449910, 6449824)
(6449942, 6449856)
(6449974, 6449888)
(6450006, 6449920)
(6450038, 6449952)
(6450070, 6449983)
(6450102, 6450016)
(6450134, 6450048)
(6450166, 6450080)
(6450198, 6450112)
(6450230, 6450144)
(6450262, 6450176)
(6450294, 6450207)
(6450326, 6450240)
(6450358, 6450272)
(6450390, 6450304)
(6450422, 6450336)
(6450455, 6450368)
(6450486, 6450400)
(6450518, 6450432)
(6450550, 6450464)
(6450582, 6450496)
(6450614, 6450528)
(6450646, 6450560)
(6450678, 6450592)
(6450710, 6450624)
(6450742, 6450656)
(6450775, 6450688)
(6450806, 6450720)
(6450838, 6450752)
(6450870, 6450784)
(6450902, 6450816)
(6450934, 6450848)
(6450966, 6450880)
(6450998, 6450912)
(6451031, 6450944)
(6451062, 6450976)
(6451094, 6451007)
(6451126, 6451040)
(6451158, 6451072)
(6451190, 6451104)
(6451223, 6451136)
(6451254, 6451168)
(6451286, 6451200)
(6451319, 6451232)
(6451350, 6451264)
(6451382, 6451296)
(6451414, 6451328)
(6451446, 6451360)
(6451478, 6451392)
(6451510, 6451424)
(6451542, 6451456)
(6451576, 6451488)
(6451606, 6451520)
(6451638, 6451552)
(6451670, 6451584)
(6451702, 6451616)
(6451735, 6451648)
(6451766, 6451680)
(6451798, 6451712)
(6451830, 6451744)
(6451862, 6451776)
(6451894, 6451808)
(6451926, 6451840)
(6451958, 6451872)
(6451990, 6451904)
(6452022, 6451936)
(6452054, 6451968)
(6452086, 6452000)
(6452118, 6452032)
(6452151, 6452064)
(6452182, 6452096)
(6452214, 6452128)
(6452246, 6452160)
(6452278, 6452192)
(6452310, 6452224)
(6452343, 6452256)
(6452374, 6452288)
(6452406, 6452320)
(6452438, 6452352)
(6452470, 6452384)
(6452503, 6452416)
(6452534, 6452448)
(6452566, 6452480)
(6452598, 6452512)
(6452630, 6452544)
(6452662, 6452576)
(6452694, 6452608)
(6452727, 6452640)
(6452758, 6452672)
(6452790, 6452704)
(6452822, 6452736)
(6452854, 6452768)
(6452886, 6452800)
(6452918, 6452832)
(6452950, 6452864)
(6452982, 6452896)
(6453014, 6452928)
(6453046, 6452960)
(6453078, 6452992)
(6453110, 6453024)
(6453143, 6453056)
(6453174, 6453088)
(6453206, 6453120)
(6453238, 6453152)
(6453271, 6453184)
(6453302, 6453216)
(6453334, 6453248)
(6453366, 6453280)
(6453398, 6453312)
(6453430, 6453344)
(6453462, 6453376)
(6453494, 6453408)
(6453526, 6453440)
(6453558, 6453472)
(6453590, 6453504)
(6453622, 6453535)
(6453654, 6453568)
(6453686, 6453600)
(6453718, 6453632)
(6453750, 6453664)
(6453782, 6453696)
(6453814, 6453728)
(6453846, 6453760)
(6453878, 6453792)
(6453910, 6453824)
(6453942, 6453856)
(6453974, 6453888)
(6454006, 6453920)
(6454039, 6453951)
(6454070, 6453984)
(6454102, 6454016)
(6454134, 6454048)
(6454166, 6454080)
(6454198, 6454112)
(6454230, 6454144)
(6454262, 6454176)
(6454294, 6454208)
(6454326, 6454240)
(6454358, 6454272)
(6454390, 6454304)
(6454422, 6454336)
(6454454, 6454368)
(6454486, 6454400)
(6454518, 6454432)
(6454550, 6454464)
(6454582, 6454496)
(6454614, 6454528)
(6454646, 6454560)
(6454678, 6454592)
(6454710, 6454624)
(6454742, 6454656)
(6454774, 6454688)
(6454806, 6454720)
(6454838, 6454752)
(6454870, 6454784)
(6454902, 6454816)
(6454934, 6454848)
(6454966, 6454880)
(6454998, 6454912)
(6455030, 6454944)
(6455062, 6454975)
(6455094, 6455007)
(6455126, 6455040)
(6455159, 6455072)
(6455190, 6455104)
(6455222, 6455136)
(6455254, 6455168)
(6455286, 6455200)
(6455318, 6455232)
(6455350, 6455264)
(6455382, 6455296)
(6455414, 6455328)
(6455446, 6455360)
(6455478, 6455392)
(6455511, 6455424)
(6455542, 6455456)
(6455574, 6455488)
(6455606, 6455520)
(6455638, 6455552)
(6455670, 6455584)
(6455702, 6455616)
(6455734, 6455648)
(6455766, 6455680)
(6455798, 6455712)
(6455830, 6455744)
(6455862, 6455776)
(6455894, 6455808)
(6455926, 6455840)
(6455958, 6455872)
(6455990, 6455904)
(6456022, 6455935)
(6456054, 6455968)
(6456086, 6456000)
(6456118, 6456032)
(6456150, 6456064)
(6456182, 6456096)
(6456214, 6456128)
(6456246, 6456160)
(6456278, 6456192)
(6456310, 6456224)
(6456342, 6456256)
(6456374, 6456288)
(6456406, 6456320)
(6456438, 6456352)
(6456470, 6456384)
(6456502, 6456416)
(6456535, 6456448)
(6456566, 6456480)
(6456598, 6456512)
(6456630, 6456544)
(6456662, 6456576)
(6456694, 6456608)
(6456726, 6456640)
(6456758, 6456672)
(6456790, 6456704)
(6456822, 6456736)
(6456854, 6456768)
(6456886, 6456800)
(6456918, 6456832)
(6456950, 6456864)
(6456982, 6456896)
(6457014, 6456928)
(6457046, 6456960)
(6457078, 6456992)
(6457110, 6457024)
(6457142, 6457056)
(6457174, 6457088)
(6457206, 6457120)
(6457238, 6457152)
(6457270, 6457184)
(6457302, 6457216)
(6457334, 6457248)
(6457366, 6457280)
(6457398, 6457312)
(6457430, 6457344)
(6457462, 6457376)
(6457494, 6457408)
(6457526, 6457440)
(6457558, 6457472)
(6457590, 6457504)
(6457622, 6457536)
(6457654, 6457568)
(6457686, 6457600)
(6457718, 6457632)
(6457750, 6457664)
(6457782, 6457696)
(6457814, 6457728)
(6457846, 6457760)
(6457878, 6457792)
(6457910, 6457824)
(6457942, 6457856)
(6457974, 6457888)
(6458006, 6457920)
(6458038, 6457952)
(6458070, 6457984)
(6458102, 6458016)
(6458134, 6458048)
(6458166, 6458080)
(6458198, 6458112)
(6458230, 6458144)
(6458263, 6458176)
(6458295, 6458208)
(6458326, 6458240)
(6458358, 6458271)
(6458390, 6458304)
(6458423, 6458336)
(6458454, 6458368)
(6458486, 6458400)
(6458519, 6458432)
(6458550, 6458464)
(6458582, 6458496)
(6458614, 6458528)
(6458646, 6458560)
(6458678, 6458592)
(6458710, 6458623)
(6458742, 6458656)
(6458774, 6458688)
(6458806, 6458720)
(6458838, 6458752)
(6458870, 6458784)
(6458902, 6458816)
(6458934, 6458848)
(6458966, 6458880)
(6458998, 6458912)
(6459030, 6458944)
(6459062, 6458976)
(6459094, 6459007)
(6459126, 6459039)
(6459158, 6459071)
(6459190, 6459104)
(6459222, 6459136)
(6459255, 6459167)
(6459287, 6459199)
(6459318, 6459232)
(6459350, 6459264)
(6459382, 6459296)
(6459414, 6459328)
(6459446, 6459360)
(6459478, 6459392)
(6459510, 6459424)
(6459542, 6459456)
(6459574, 6459488)
(6459606, 6459520)
(6459638, 6459552)
(6459670, 6459584)
(6459702, 6459616)
(6459734, 6459648)
(6459766, 6459680)
(6459798, 6459712)
(6459830, 6459744)
(6459862, 6459776)
(6459894, 6459808)
(6459926, 6459840)
(6459958, 6459872)
(6459990, 6459903)
(6460022, 6459936)
(6460054, 6459968)
(6460086, 6460000)
(6460118, 6460032)
(6460150, 6460064)
(6460182, 6460096)
(6460214, 6460128)
(6460246, 6460160)
(6460278, 6460192)
(6460310, 6460224)
(6460342, 6460256)
(6460374, 6460288)
(6460406, 6460320)
(6460438, 6460352)
(6460470, 6460384)
(6460502, 6460416)
(6460534, 6460447)
(6460566, 6460480)
(6460598, 6460512)
(6460630, 6460544)
(6460662, 6460576)
(6460694, 6460608)
(6460726, 6460640)
(6460758, 6460672)
(6460790, 6460704)
(6460822, 6460736)
(6460854, 6460768)
(6460886, 6460800)
(6460918, 6460832)
(6460950, 6460864)
(6460982, 6460896)
(6461014, 6460928)
(6461046, 6460960)
(6461078, 6460992)
(6461110, 6461024)
(6461142, 6461056)
(6461174, 6461088)
(6461206, 6461120)
(6461238, 6461151)
(6461270, 6461184)
(6461302, 6461216)
(6461335, 6461248)
(6461366, 6461280)
(6461398, 6461312)
(6461430, 6461344)
(6461462, 6461376)
(6461494, 6461408)
(6461526, 6461440)
(6461558, 6461471)
(6461590, 6461504)
(6461622, 6461536)
(6461654, 6461568)
(6461686, 6461600)
(6461718, 6461632)
(6461750, 6461664)
(6461782, 6461696)
(6461814, 6461728)
(6461846, 6461760)
(6461878, 6461792)
(6461910, 6461824)
(6461942, 6461856)
(6461974, 6461888)
(6462006, 6461920)
(6462038, 6461952)
(6462070, 6461984)
(6462102, 6462016)
(6462134, 6462048)
(6462166, 6462079)
(6462198, 6462112)
(6462230, 6462144)
(6462262, 6462176)
(6462294, 6462208)
(6462326, 6462240)
(6462358, 6462272)
(6462391, 6462303)
(6462422, 6462336)
(6462454, 6462368)
(6462486, 6462400)
(6462518, 6462432)
(6462550, 6462464)
(6462583, 6462496)
(6462614, 6462528)
(6462646, 6462560)
(6462678, 6462592)
(6462710, 6462624)
(6462742, 6462656)
(6462774, 6462688)
(6462806, 6462720)
(6462839, 6462752)
(6462871, 6462784)
(6462902, 6462816)
(6462934, 6462848)
(6462966, 6462880)
(6462998, 6462912)
(6463030, 6462944)
(6463062, 6462976)
(6463094, 6463008)
(6463126, 6463040)
(6463158, 6463072)
(6463190, 6463104)
(6463222, 6463136)
(6463254, 6463168)
(6463286, 6463200)
(6463318, 6463232)
(6463350, 6463264)
(6463383, 6463296)
(6463414, 6463328)
(6463446, 6463360)
(6463478, 6463392)
(6463510, 6463424)
(6463542, 6463456)
(6463574, 6463488)
(6463606, 6463520)
(6463638, 6463552)
(6463670, 6463584)
(6463703, 6463616)
(6463734, 6463648)
(6463766, 6463680)
(6463798, 6463712)
(6463830, 6463744)
(6463862, 6463776)
(6463894, 6463808)
(6463926, 6463840)
(6463958, 6463872)
(6463990, 6463904)
