(6398042, 6397952)
(6398074, 6397984)
(6398106, 6398016)
(6398138, 6398048)
(6398170, 6398080)
(6398202, 6398112)
(6398234, 6398144)
(6398266, 6398176)
(6398298, 6398208)
(6398330, 6398240)
(6398362, 6398272)
(6398394, 6398304)
(6398426, 6398336)
(6398458, 6398368)
(6398490, 6398400)
(6398522, 6398432)
(6398554, 6398464)
(6398587, 6398496)
(6398618, 6398528)
(6398651, 6398560)
(6398682, 6398591)
(6398714, 6398624)
(6398746, 6398656)
(6398778, 6398688)
(6398810, 6398720)
(6398842, 6398752)
(6398874, 6398784)
(6398906, 6398816)
(6398938, 6398848)
(6398971, 6398880)
(6399002, 6398912)
(6399034, 6398944)
(6399066, 6398976)
(6399098, 6399008)
(6399130, 6399040)
(6399162, 6399072)
(6399194, 6399104)
(6399226, 6399136)
(6399258, 6399168)
(6399290, 6399200)
(6399322, 6399232)
(6399354, 6399264)
(6399386, 6399296)
(6399418, 6399328)
(6399450, 6399360)
(6399482, 6399392)
(6399514, 6399424)
(6399546, 6399456)
(6399578, 6399488)
(6399610, 6399520)
(6399642, 6399552)
(6399674, 6399584)
(6399706, 6399616)
(6399738, 6399648)
(6399770, 6399680)
(6399802, 6399712)
(6399835, 6399744)
(6399866, 6399776)
(6399898, 6399808)
(6399930, 6399840)
(6399962, 6399872)
(6399994, 6399904)
(6400026, 6399936)
(6400058, 6399968)
(6400090, 6400000)
(6400122, 6400032)
(6400154, 6400064)
(6400186, 6400096)
(6400218, 6400128)
(6400250, 6400160)
(6400282, 6400192)
(6400314, 6400224)
(6400346, 6400256)
(6400378, 6400288)
(6400410, 6400320)
(6400442, 6400352)
(6400474, 6400384)
(6400506, 6400416)
(6400538, 6400448)
(6400570, 6400480)
(6400602, 6400512)
(6400634, 6400544)
(6400667, 6400576)
(6400698, 6400608)
(6400730, 6400640)
(6400762, 6400672)
(6400794, 6400704)
(6400826, 6400736)
(6400858, 6400768)
(6400890, 6400800)
(6400923, 6400832)
(6400955, 6400864)
(6400986, 6400896)
(6401018, 6400928)
(6401050, 6400960)
(6401082, 6400992)
(6401114, 6401024)
(6401146, 6401056)
(6401178, 6401088)
(6401210, 6401120)
(6401242, 6401152)
(6401274, 6401184)
(6401306, 6401216)
(6401338, 6401248)
(6401370, 6401280)
(6401402, 6401312)
(6401434, 6401344)
(6401466, 6401376)
(6401498, 6401408)
(6401530, 6401440)
(6401563, 6401472)
(6401594, 6401504)
(6401626, 6401536)
(6401659, 6401568)
(6401690, 6401600)
(6401722, 6401632)
(6401755, 6401664)
(6401786, 6401696)
(6401818, 6401728)
(6401851, 6401760)
(6401882, 6401792)
(6401914, 6401824)
(6401946, 6401856)
(6401978, 6401887)
(6402010, 6401920)
(6402042, 6401952)
(6402074, 6401984)
(6402106, 6402016)
(6402138, 6402048)
(6402170, 6402080)
(6402202, 6402112)
(6402235, 6402144)
(6402266, 6402176)
(6402298, 6402208)
(6402330, 6402240)
(6402362, 6402272)
(6402394, 6402304)
(6402426, 6402336)
(6402458, 6402368)
(6402490, 6402400)
(6402522, 6402431)
(6402554, 6402464)
(6402586, 6402496)
(6402618, 6402528)
(6402650, 6402560)
(6402682, 6402592)
(6402714, 6402624)
(6402746, 6402656)
(6402778, 6402688)
(6402810, 6402720)
(6402842, 6402752)
(6402874, 6402784)
(6402906, 6402816)
(6402938, 6402848)
(6402970, 6402880)
(6403002, 6402912)
(6403034, 6402944)
(6403066, 6402976)
(6403098, 6403008)
(6403130, 6403040)
(6403162, 6403072)
(6403194, 6403104)
(6403228, 6403136)
(6403258, 6403168)
(6403290, 6403200)
(6403323, 6403232)
(6403354, 6403264)
(6403386, 6403296)
(6403418, 6403328)
(6403451, 6403360)
(6403482, 6403392)
(6403514, 6403424)
(6403547, 6403456)
(6403578, 6403488)
(6403610, 6403519)
(6403642, 6403552)
(6403674, 6403584)
(6403706, 6403616)
(6403738, 6403648)
(6403770, 6403680)
(6403802, 6403712)
(6403835, 6403744)
(6403866, 6403776)
(6403898, 6403808)
(6403930, 6403840)
(6403962, 6403872)
(6403994, 6403904)
(6404027, 6403936)
(6404058, 6403968)
(6404090, 6404000)
(6404122, 6404032)
(6404154, 6404064)
(6404186, 6404096)
(6404218, 6404128)
(6404250, 6404160)
(6404282, 6404192)
(6404314, 6404224)
(6404346, 6404256)
(6404378, 6404288)
(6404410, 6404320)
(6404442, 6404351)
(6404474, 6404384)
(6404506, 6404416)
(6404538, 6404448)
(6404570, 6404480)
(6404602, 6404512)
(6404635, 6404544)
(6404666, 6404576)
(6404698, 6404608)
(6404730, 6404640)
(6404762, 6404672)
(6404794, 6404704)
(6404826, 6404736)
(6404859, 6404768)
(6404890, 6404800)
(6404922, 6404832)
(6404954, 6404864)
(6404986, 6404896)
(6405018, 6404928)
(6405051, 6404960)
(6405082, 6404992)
(6405114, 6405024)
(6405146, 6405056)
(6405178, 6405088)
(6405210, 6405120)
(6405242, 6405152)
(6405274, 6405184)
(6405306, 6405216)
(6405338, 6405248)
(6405370, 6405280)
(6405402, 6405312)
(6405434, 6405344)
(6405466, 6405376)
(6405498, 6405408)
(6405531, 6405440)
(6405562, 6405472)
(6405594, 6405504)
(6405626, 6405536)
(6405658, 6405568)
(6405691, 6405600)
(6405722, 6405632)
(6405754, 6405664)
(6405786, 6405696)
(6405818, 6405728)
(6405850, 6405760)
(6405882, 6405792)
(6405914, 6405824)
(6405946, 6405856)
(6405978, 6405888)
(6406011, 6405920)
(6406042, 6405952)
(6406074, 6405984)
(6406106, 6406016)
(6406138, 6406048)
(6406170, 6406080)
(6406202, 6406112)
(6406234, 6406144)
(6406266, 6406176)
(6406298, 6406207)
(6406330, 6406240)
(6406362, 6406272)
(6406394, 6406304)
(6406426, 6406336)
(6406458, 6406368)
(6406490, 6406400)
(6406522, 6406432)
(6406554, 6406464)
(6406586, 6406496)
(6406618, 6406528)
(6406650, 6406560)
(6406682, 6406592)
(6406714, 6406624)
(6406746, 6406656)
(6406778, 6406688)
(6406811, 6406720)
(6406842, 6406752)
(6406874, 6406784)
(6406906, 6406816)
(6406938, 6406848)
(6406970, 6406880)
(6407002, 6406912)
(6407034, 6406944)
(6407066, 6406976)
(6407098, 6407008)
(6407130, 6407040)
(6407162, 6407072)
(6407194, 6407104)
(6407226, 6407136)
(6407258, 6407168)
(6407290, 6407200)
(6407322, 6407232)
(6407354, 6407264)
(6407386, 6407295)
(6407418, 6407328)
(6407450, 6407360)
(6407482, 6407392)
(6407514, 6407424)
(6407546, 6407456)
(6407578, 6407488)
(6407610, 6407520)
(6407642, 6407552)
(6407674, 6407584)
(6407706, 6407616)
(6407738, 6407648)
(6407770, 6407680)
(6407802, 6407712)
(6407834, 6407744)
(6407866, 6407776)
(6407898, 6407808)
(6407930, 6407840)
(6407962, 6407872)
(6407994, 6407904)
(6408026, 6407936)
(6408058, 6407968)
(6408090, 6408000)
(6408122, 6408032)
(6408155, 6408064)
(6408187, 6408096)
(6408218, 6408128)
(6408250, 6408160)
(6408282, 6408192)
(6408314, 6408224)
(6408346, 6408256)
(6408379, 6408288)
(6408410, 6408320)
(6408442, 6408352)
(6408474, 6408384)
(6408506, 6408416)
(6408538, 6408448)
(6408570, 6408480)
(6408602, 6408512)
(6408634, 6408544)
(6408666, 6408576)
(6408698, 6408608)
(6408730, 6408640)
(6408763, 6408672)
(6408795, 6408703)
(6408827, 6408736)
(6408858, 6408768)
(6408890, 6408800)
(6408922, 6408832)
(6408955, 6408864)
(6408986, 6408896)
(6409018, 6408928)
(6409050, 6408960)
(6409082, 6408992)
(6409114, 6409024)
(6409146, 6409056)
(6409179, 6409088)
(6409210, 6409120)
(6409242, 6409152)
(6409274, 6409184)
(6409306, 6409216)
(6409338, 6409248)
(6409371, 6409280)
(6409402, 6409312)
(6409434, 6409344)
(6409466, 6409376)
(6409498, 6409408)
(6409530, 6409440)
(6409563, 6409472)
(6409594, 6409504)
(6409626, 6409536)
(6409658, 6409568)
(6409690, 6409600)
(6409722, 6409632)
(6409754, 6409664)
(6409786, 6409696)
(6409818, 6409728)
(6409850, 6409760)
(6409882, 6409792)
(6409914, 6409824)
(6409946, 6409856)
(6409978, 6409888)
(6410010, 6409920)
(6410042, 6409952)
(6410074, 6409984)
(6410106, 6410015)
(6410139, 6410048)
(6410170, 6410080)
(6410202, 6410112)
(6410234, 6410144)
(6410266, 6410176)
(6410298, 6410208)
(6410330, 6410240)
(6410362, 6410272)
(6410394, 6410304)
(6410427, 6410336)
(6410458, 6410368)
(6410490, 6410400)
(6410523, 6410432)
(6410554, 6410464)
(6410586, 6410496)
(6410618, 6410528)
(6410650, 6410560)
(6410682, 6410592)
(6410715, 6410624)
(6410746, 6410656)
(6410778, 6410688)
(6410810, 6410720)
(6410843, 6410752)
(6410874, 6410784)
(6410906, 6410816)
(6410938, 6410848)
(6410970, 6410880)
(6411002, 6410912)
(6411034, 6410944)
(6411066, 6410976)
(6411098, 6411008)
(6411130, 6411040)
(6411162, 6411072)
(6411194, 6411104)
(6411226, 6411135)
(6411258, 6411168)
(6411290, 6411200)
(6411322, 6411232)
(6411354, 6411264)
(6411386, 6411296)
(6411418, 6411328)
(6411450, 6411360)
(6411482, 6411392)
(6411514, 6411424)
(6411546, 6411456)
(6411578, 6411488)
(6411610, 6411520)
(6411643, 6411552)
(6411674, 6411584)
(6411706, 6411616)
(6411738, 6411648)
(6411770, 6411680)
(6411802, 6411712)
(6411834, 6411744)
(6411866, 6411776)
(6411898, 6411808)
(6411930, 6411840)
(6411962, 6411872)
(6411994, 6411904)
(6412026, 6411936)
(6412058, 6411968)
(6412090, 6412000)
(6412122, 6412032)
(6412154, 6412063)
(6412186, 6412096)
(6412218, 6412128)
(6412250, 6412160)
(6412282, 6412192)
(6412314, 6412224)
(6412346, 6412256)
(6412378, 6412288)
(6412410, 6412320)
(6412442, 6412352)
(6412474, 6412384)
(6412506, 6412416)
(6412538, 6412448)
(6412570, 6412480)
(6412602, 6412512)
(6412634, 6412544)
(6412666, 6412576)
(6412698, 6412608)
(6412730, 6412640)
(6412762, 6412672)
(6412794, 6412704)
(6412826, 6412736)
(6412858, 6412768)
(6412890, 6412800)
(6412922, 6412832)
(6412954, 6412864)
(6412986, 6412896)
(6413019, 6412928)
(6413050, 6412960)
(6413082, 6412992)
(6413114, 6413024)
(6413146, 6413056)
(6413178, 6413088)
(6413210, 6413120)
(6413242, 6413152)
(6413274, 6413184)
(6413306, 6413216)
(6413338, 6413248)
(6413370, 6413280)
(6413402, 6413312)
(6413434, 6413344)
(6413466, 6413376)
(6413498, 6413408)
(6413530, 6413439)
(6413562, 6413472)
(6413594, 6413504)
(6413627, 6413536)
(6413658, 6413568)
(6413690, 6413600)
(6413722, 6413632)
(6413754, 6413664)
(6413786, 6413696)
(6413818, 6413728)
(6413850, 6413760)
(6413883, 6413791)
(6413914, 6413824)
(6413946, 6413856)
(6413978, 6413888)
(6414010, 6413920)
(6414042, 6413952)
(6414075, 6413984)
(6414106, 6414016)
(6414138, 6414048)
(6414170, 6414080)
(6414202, 6414112)
(6414234, 6414144)
(6414266, 6414176)
(6414298, 6414208)
(6414330, 6414240)
(6414363, 6414272)
(6414394, 6414304)
(6414426, 6414336)
(6414458, 6414368)
(6414490, 6414400)
(6414522, 6414432)
(6414554, 6414464)
(6414586, 6414496)
(6414619, 6414528)
(6414650, 6414560)
(6414682, 6414592)
(6414714, 6414624)
(6414747, 6414656)
(6414778, 6414688)
(6414810, 6414720)
(6414842, 6414752)
(6414874, 6414784)
(6414906, 6414816)
(6414938, 6414848)
(6414970, 6414880)
(6415002, 6414912)
(6415034, 6414944)
(6415066, 6414975)
(6415098, 6415008)
(6415130, 6415040)
(6415162, 6415072)
(6415194, 6415104)
(6415226, 6415136)
(6415258, 6415168)
(6415290, 6415200)
(6415322, 6415232)
(6415354, 6415264)
(6415386, 6415296)
(6415418, 6415328)
(6415451, 6415360)
(6415482, 6415392)
(6415514, 6415424)
(6415547, 6415456)
(6415579, 6415488)
(6415610, 6415520)
(6415643, 6415551)
(6415674, 6415584)
(6415706, 6415616)
(6415738, 6415648)
(6415770, 6415680)
(6415802, 6415712)
(6415834, 6415744)
(6415866, 6415776)
(6415899, 6415808)
(6415930, 6415840)
(6415962, 6415871)
(6415994, 6415904)
(6416026, 6415936)
(6416059, 6415968)
(6416090, 6416000)
(6416122, 6416032)
(6416154, 6416064)
(6416186, 6416096)
(6416218, 6416128)
(6416251, 6416160)
(6416282, 6416192)
(6416314, 6416223)
(6416346, 6416256)
(6416378, 6416288)
(6416410, 6416320)
(6416442, 6416352)
(6416474, 6416384)
(6416506, 6416416)
(6416538, 6416448)
(6416570, 6416480)
(6416602, 6416512)
(6416635, 6416543)
(6416666, 6416576)
(6416698, 6416608)
(6416731, 6416640)
(6416762, 6416672)
(6416795, 6416704)
(6416826, 6416736)
(6416858, 6416768)
(6416890, 6416800)
(6416924, 6416832)
(6416954, 6416864)
(6416986, 6416894)
(6417018, 6416927)
(6417050, 6416960)
(6417082, 6416992)
(6417114, 6417024)
(6417146, 6417056)
(6417178, 6417088)
(6417210, 6417120)
(6417242, 6417152)
(6417274, 6417184)
(6417306, 6417216)
(6417338, 6417248)
(6417370, 6417280)
(6417402, 6417311)
(6417434, 6417344)
(6417466, 6417376)
(6417498, 6417407)
(6417530, 6417440)
(6417562, 6417472)
(6417594, 6417504)
(6417626, 6417536)
(6417662, 6417568)
(6417787, 6417632)
(6417851, 6417760)
(6417883, 6417792)
(6417914, 6417824)
(6417946, 6417856)
(6417978, 6417887)
(6418010, 6417920)
(6418043, 6417952)
(6418074, 6417984)
(6418106, 6418016)
(6418138, 6418048)
(6418170, 6418080)
(6418202, 6418112)
(6418234, 6418144)
(6418266, 6418176)
(6418298, 6418208)
(6418330, 6418240)
(6418362, 6418272)
(6418394, 6418304)
(6418426, 6418336)
(6418458, 6418368)
(6418490, 6418400)
(6418522, 6418432)
(6418555, 6418464)
(6418586, 6418496)
(6418618, 6418528)
(6418650, 6418560)
(6418682, 6418592)
(6418714, 6418624)
(6418746, 6418656)
(6418778, 6418688)
(6418810, 6418720)
(6418842, 6418752)
(6418874, 6418784)
(6418906, 6418816)
(6418938, 6418848)
(6418970, 6418880)
(6419002, 6418911)
(6419034, 6418944)
(6419066, 6418976)
(6419098, 6419008)
(6419130, 6419040)
(6419162, 6419072)
(6419195, 6419104)
(6419226, 6419136)
(6419258, 6419168)
(6419290, 6419200)
(6419322, 6419232)
(6419354, 6419264)
(6419386, 6419296)
(6419418, 6419327)
(6419450, 6419360)
(6419482, 6419392)
(6419514, 6419424)
(6419546, 6419456)
(6419578, 6419488)
(6419610, 6419520)
(6419642, 6419552)
(6419674, 6419584)
(6419706, 6419616)
(6419738, 6419648)
(6419770, 6419680)
(6419802, 6419712)
(6419834, 6419744)
(6419866, 6419776)
(6419898, 6419808)
(6419931, 6419840)
(6419962, 6419872)
(6419994, 6419904)
(6420027, 6419936)
(6420058, 6419968)
(6420090, 6420000)
(6420122, 6420032)
(6420154, 6420064)
(6420186, 6420096)
(6420218, 6420128)
(6420250, 6420160)
(6420282, 6420192)
(6420316, 6420223)
(6420348, 6420256)
(6420378, 6420288)
(6420410, 6420320)
(6420442, 6420352)
(6420474, 6420384)
(6420506, 6420416)
(6420538, 6420447)
(6420571, 6420480)
(6420602, 6420512)
(6420634, 6420544)
(6420667, 6420576)
(6420698, 6420608)
(6420731, 6420640)
(6420762, 6420671)
(6420794, 6420704)
(6420826, 6420735)
(6420858, 6420768)
(6420890, 6420800)
(6420922, 6420832)
(6420954, 6420864)
(6420986, 6420896)
(6421019, 6420928)
(6421051, 6420960)
(6421082, 6420992)
(6421114, 6421024)
(6421146, 6421056)
(6421178, 6421088)
(6421211, 6421120)
(6421242, 6421152)
(6421274, 6421184)
(6421306, 6421216)
(6421339, 6421248)
(6421370, 6421280)
(6421402, 6421312)
(6421435, 6421344)
(6421466, 6421376)
(6421498, 6421408)
(6421530, 6421440)
(6421563, 6421472)
(6421594, 6421503)
(6421626, 6421536)
(6421658, 6421568)
(6421691, 6421600)
(6421723, 6421632)
(6421755, 6421664)
(6421786, 6421696)
(6421818, 6421728)
(6421850, 6421760)
(6421882, 6421792)
(6421914, 6421824)
(6421946, 6421856)
(6421978, 6421888)
(6422010, 6421920)
(6422042, 6421952)
(6422074, 6421984)
(6422106, 6422016)
(6422138, 6422048)
(6422170, 6422080)
(6422202, 6422112)
(6422235, 6422144)
(6422266, 6422176)
(6422298, 6422208)
(6422330, 6422240)
(6422362, 6422272)
(6422395, 6422304)
(6422426, 6422336)
(6422458, 6422368)
(6422490, 6422400)
(6422522, 6422432)
(6422554, 6422464)
(6422586, 6422496)
(6422619, 6422528)
(6422650, 6422560)
(6422682, 6422592)
(6422714, 6422624)
(6422747, 6422656)
(6422778, 6422688)
(6422810, 6422720)
(6422842, 6422752)
(6422874, 6422784)
(6422906, 6422816)
(6422938, 6422848)
(6422971, 6422880)
(6423002, 6422912)
(6423034, 6422944)
(6423066, 6422976)
(6423098, 6423008)
(6423130, 6423040)
(6423162, 6423072)
(6423194, 6423104)
(6423226, 6423136)
(6423258, 6423168)
(6423290, 6423200)
(6423322, 6423232)
(6423354, 6423264)
(6423386, 6423296)
(6423418, 6423328)
(6423450, 6423360)
(6423482, 6423392)
(6423514, 6423424)
(6423546, 6423455)
(6423578, 6423488)
(6423611, 6423520)
(6423642, 6423552)
(6423674, 6423584)
(6423706, 6423616)
(6423738, 6423648)
(6423771, 6423680)
(6423802, 6423712)
(6423834, 6423744)
(6423866, 6423776)
(6423898, 6423808)
(6423930, 6423840)
(6423962, 6423872)
(6423995, 6423904)
(6424321, 6423936)
(6424381, 6424287)
(6424411, 6424320)
(6424443, 6424352)
(6424477, 6424384)
(6424507, 6424416)
(6424539, 6424448)
(6424571, 6424480)
(6424603, 6424512)
(6424636, 6424544)
(6424667, 6424576)
(6424699, 6424608)
(6424731, 6424640)
(6424763, 6424672)
(6424796, 6424704)
(6424827, 6424736)
(6424859, 6424768)
(6424890, 6424800)
(6424922, 6424832)
(6424954, 6424864)
(6424986, 6424896)
(6425018, 6424928)
(6425050, 6424960)
(6425082, 6424992)
(6425114, 6425024)
(6425146, 6425056)
(6425178, 6425088)
(6425210, 6425120)
(6425242, 6425152)
(6425274, 6425184)
(6425306, 6425216)
(6425338, 6425248)
(6425370, 6425280)
(6425402, 6425312)
(6425434, 6425344)
(6425466, 6425376)
(6425499, 6425408)
(6425530, 6425440)
(6425562, 6425472)
(6425594, 6425504)
(6425626, 6425536)
(6425658, 6425568)
(6425690, 6425599)
(6425722, 6425632)
(6425754, 6425664)
(6425786, 6425696)
(6425819, 6425728)
(6425850, 6425760)
(6425882, 6425792)
(6425914, 6425824)
(6425946, 6425856)
(6425978, 6425888)
(6426010, 6425920)
(6426042, 6425952)
(6426074, 6425984)
(6426106, 6426016)
(6426138, 6426048)
(6426170, 6426080)
(6426202, 6426112)
(6426235, 6426144)
(6426266, 6426176)
(6426298, 6426208)
(6426330, 6426240)
(6426362, 6426272)
(6426394, 6426304)
(6426426, 6426336)
(6426458, 6426368)
(6426490, 6426400)
(6426522, 6426432)
(6426554, 6426464)
(6426586, 6426496)
(6426618, 6426528)
(6426650, 6426560)
(6426682, 6426592)
(6426714, 6426624)
(6426746, 6426656)
(6426778, 6426688)
(6426810, 6426720)
(6426842, 6426752)
(6426874, 6426784)
(6426907, 6426816)
(6426938, 6426848)
(6426970, 6426880)
(6427002, 6426912)
(6427034, 6426944)
(6427066, 6426976)
(6427098, 6427008)
(6427130, 6427040)
(6427162, 6427072)
(6427194, 6427104)
(6427226, 6427136)
(6427258, 6427168)
(6427290, 6427200)
(6427322, 6427232)
(6427354, 6427264)
(6427386, 6427296)
(6427418, 6427328)
(6427451, 6427360)
(6427482, 6427392)
(6427514, 6427424)
(6427546, 6427456)
(6427578, 6427488)
(6427610, 6427520)
(6427642, 6427552)
(6427675, 6427584)
(6427706, 6427616)
(6427738, 6427648)
(6427771, 6427680)
(6427803, 6427712)
(6427834, 6427744)
(6427866, 6427776)
(6427899, 6427808)
(6427930, 6427840)
(6427962, 6427872)
(6427994, 6427904)
(6428026, 6427936)
(6428058, 6427968)
(6428091, 6428000)
(6428122, 6428032)
(6428154, 6428064)
(6428187, 6428096)
(6428219, 6428128)
(6428250, 6428160)
(6428282, 6428192)
(6428316, 6428224)
(6428346, 6428256)
(6428379, 6428288)
(6428410, 6428320)
(6428442, 6428352)
(6428474, 6428384)
(6428506, 6428416)
(6428538, 6428448)
(6428570, 6428480)
(6428602, 6428512)
(6428634, 6428544)
(6428666, 6428576)
(6428698, 6428608)
(6428730, 6428640)
(6428762, 6428672)
(6428794, 6428704)
(6428826, 6428736)
(6428858, 6428768)
(6428890, 6428800)
(6428922, 6428832)
(6428954, 6428864)
(6428986, 6428896)
(6429018, 6428928)
(6429051, 6428960)
(6429082, 6428992)
(6429114, 6429024)
(6429146, 6429056)
(6429178, 6429088)
(6429210, 6429120)
(6429242, 6429152)
(6429274, 6429184)
(6429306, 6429216)
(6429338, 6429248)
(6429370, 6429280)
(6429402, 6429312)
(6429434, 6429344)
(6429466, 6429376)
(6429498, 6429408)
(6429530, 6429440)
(6429562, 6429472)
(6429594, 6429504)
(6429626, 6429536)
(6429658, 6429568)
(6429690, 6429600)
(6429722, 6429632)
(6429754, 6429664)
(6429786, 6429696)
(6429818, 6429728)
(6429850, 6429760)
(6429882, 6429792)
(6429914, 6429824)
(6429946, 6429856)
(6429978, 6429888)
(6430010, 6429920)
(6430042, 6429952)
(6430074, 6429984)
(6430106, 6430016)
(6430139, 6430048)
(6430171, 6430080)
(6430202, 6430112)
(6430236, 6430144)
(6430266, 6430175)
(6430298, 6430208)
(6430331, 6430240)
(6430362, 6430272)
(6430394, 6430304)
(6430426, 6430336)
(6430459, 6430368)
(6430491, 6430400)
(6430522, 6430432)
(6430554, 6430464)
(6430586, 6430496)
(6430618, 6430528)
(6430651, 6430560)
(6430682, 6430592)
(6430714, 6430624)
(6430746, 6430656)
(6430778, 6430688)
(6430810, 6430720)
(6430843, 6430752)
(6430874, 6430784)
(6430906, 6430816)
(6430938, 6430848)
(6430970, 6430880)
(6431002, 6430912)
(6431035, 6430944)
(6431066, 6430976)
(6431098, 6431008)
(6431130, 6431040)
(6431163, 6431072)
(6431194, 6431104)
(6431226, 6431136)
(6431258, 6431168)
(6431290, 6431200)
(6431322, 6431232)
(6431354, 6431264)
(6431386, 6431296)
(6431418, 6431328)
(6431450, 6431360)
(6431482, 6431392)
(6431514, 6431424)
(6431547, 6431456)
(6431578, 6431488)
(6431610, 6431520)
(6431642, 6431552)
(6431674, 6431584)
(6431706, 6431616)
(6431739, 6431648)
(6431770, 6431680)
(6431802, 6431712)
(6431835, 6431744)
(6431866, 6431776)
(6431898, 6431808)
(6431930, 6431840)
(6431962, 6431872)
(6431994, 6431904)
(6432026, 6431936)
(6432059, 6431968)
(6432090, 6432000)
(6432122, 6432032)
(6432154, 6432064)
(6432186, 6432096)
(6432218, 6432128)
(6432250, 6432160)
(6432282, 6432192)
(6432314, 6432224)
(6432346, 6432256)
(6432378, 6432288)
(6432410, 6432320)
(6432442, 6432352)
(6432474, 6432384)
(6432506, 6432416)
(6432538, 6432448)
(6432571, 6432480)
(6432602, 6432511)
(6432634, 6432544)
(6432666, 6432575)
(6432698, 6432608)
(6432730, 6432640)
(6432762, 6432672)
(6432794, 6432704)
(6432826, 6432736)
(6432858, 6432768)
(6432890, 6432800)
(6432922, 6432832)
(6432954, 6432864)
(6432986, 6432896)
(6433018, 6432928)
(6433050, 6432960)
(6433082, 6432991)
(6433115, 6433024)
(6433146, 6433056)
(6433178, 6433088)
(6433210, 6433120)
(6433243, 6433152)
(6433274, 6433184)
(6433306, 6433216)
(6433338, 6433248)
(6433370, 6433280)
(6433402, 6433312)
(6433434, 6433344)
(6433466, 6433376)
(6433499, 6433408)
(6433531, 6433440)
(6433562, 6433472)
(6433594, 6433504)
(6433626, 6433536)
(6433658, 6433568)
(6433690, 6433600)
(6433723, 6433632)
(6433754, 6433664)
(6433786, 6433696)
(6433818, 6433728)
(6433850, 6433760)
(6433883, 6433792)
(6433914, 6433824)
(6433946, 6433856)
(6433978, 6433888)
(6434010, 6433920)
(6434042, 6433952)
(6434074, 6433984)
(6434107, 6434016)
(6434138, 6434048)
(6434170, 6434080)
(6434202, 6434112)
(6434234, 6434144)
(6434266, 6434176)
(6434299, 6434207)
(6434330, 6434240)
(6434363, 6434272)
(6434394, 6434304)
(6434426, 6434336)
(6434458, 6434368)
(6434491, 6434400)
(6434522, 6434432)
(6434554, 6434464)
(6434586, 6434496)
(6434618, 6434528)
(6434651, 6434560)
(6434682, 6434592)
(6434714, 6434624)
(6434746, 6434656)
(6434778, 6434688)
(6434810, 6434720)
(6434842, 6434752)
(6434874, 6434784)
(6434906, 6434816)
(6434938, 6434848)
(6434970, 6434880)
(6435002, 6434912)
(6435034, 6434944)
(6435066, 6434976)
(6435098, 6435008)
(6435130, 6435040)
(6435162, 6435072)
(6435194, 6435104)
(6435226, 6435136)
(6435258, 6435168)
(6435290, 6435200)
(6435322, 6435232)
(6435354, 6435264)
(6435386, 6435296)
(6435418, 6435328)
(6435450, 6435360)
(6435482, 6435392)
(6435514, 6435424)
(6435546, 6435456)
(6435578, 6435488)
(6435610, 6435520)
(6435643, 6435552)
(6435674, 6435584)
(6435706, 6435616)
(6435738, 6435648)
(6435771, 6435680)
(6435802, 6435712)
(6435834, 6435744)
(6435867, 6435776)
(6435898, 6435808)
(6435930, 6435840)
(6435962, 6435872)
(6435994, 6435904)
(6436026, 6435936)
(6436058, 6435968)
(6436090, 6436000)
(6436122, 6436032)
(6436154, 6436063)
(6436187, 6436096)
(6436218, 6436128)
(6436250, 6436160)
(6436282, 6436192)
(6436314, 6436224)
(6436346, 6436256)
(6436378, 6436288)
(6436410, 6436320)
(6436442, 6436352)
(6436474, 6436384)
(6436506, 6436416)
(6436538, 6436448)
(6436572, 6436480)
(6436603, 6436512)
(6436634, 6436544)
(6436666, 6436576)
(6436698, 6436608)
(6436730, 6436640)
(6436762, 6436672)
(6436794, 6436704)
(6436826, 6436736)
(6436858, 6436768)
(6436890, 6436800)
(6436922, 6436832)
(6436955, 6436864)
(6436986, 6436896)
(6437018, 6436928)
(6437050, 6436960)
(6437082, 6436992)
(6437114, 6437024)
(6437146, 6437056)
(6437178, 6437088)
(6437211, 6437120)
(6437242, 6437152)
(6437274, 6437184)
(6437306, 6437216)
(6437338, 6437248)
(6437370, 6437280)
(6437402, 6437312)
(6437434, 6437344)
(6437466, 6437376)
(6437498, 6437408)
(6437530, 6437440)
(6437562, 6437472)
(6437594, 6437504)
(6437626, 6437536)
(6437659, 6437567)
(6437691, 6437600)
(6437722, 6437632)
(6437754, 6437664)
(6437786, 6437696)
(6437818, 6437728)
(6437851, 6437760)
(6437882, 6437792)
(6437914, 6437824)
(6437947, 6437856)
(6437978, 6437888)
(6438011, 6437920)
(6438042, 6437952)
(6438075, 6437984)
(6438106, 6438016)
(6438139, 6438048)
(6438170, 6438080)
(6438202, 6438112)
(6438234, 6438144)
(6438266, 6438176)
(6438299, 6438208)
(6438330, 6438240)
(6438363, 6438272)
(6438394, 6438304)
(6438426, 6438335)
(6438458, 6438368)
(6438490, 6438400)
(6438522, 6438432)
(6438554, 6438464)
(6438586, 6438496)
(6438618, 6438527)
(6438650, 6438560)
(6438682, 6438592)
(6438715, 6438624)
(6438746, 6438656)
(6438778, 6438688)
(6438810, 6438720)
(6438842, 6438752)
(6438874, 6438784)
(6438906, 6438816)
(6438938, 6438848)
(6438970, 6438880)
(6439002, 6438912)
(6439034, 6438944)
(6439066, 6438976)
(6439098, 6439008)
(6439130, 6439040)
(6439162, 6439072)
(6439194, 6439104)
(6439226, 6439136)
(6439258, 6439168)
(6439290, 6439199)
(6439322, 6439232)
(6439354, 6439264)
(6439386, 6439296)
(6439418, 6439328)
(6439450, 6439360)
(6439482, 6439392)
(6439515, 6439424)
(6439546, 6439456)
(6439578, 6439488)
(6439610, 6439520)
(6439643, 6439552)
(6439674, 6439584)
(6439706, 6439616)
(6439738, 6439648)
(6439770, 6439680)
(6439802, 6439712)
(6439834, 6439744)
(6439866, 6439776)
(6439898, 6439808)
(6439930, 6439840)
(6439962, 6439872)
(6439994, 6439904)
(6440026, 6439936)
(6440058, 6439968)
(6440090, 6440000)
(6440122, 6440032)
(6440154, 6440063)
(6440186, 6440096)
(6440218, 6440128)
(6440250, 6440160)
(6440283, 6440192)
(6440314, 6440224)
(6440346, 6440256)
(6440378, 6440288)
(6440410, 6440320)
(6440442, 6440352)
(6440474, 6440384)
(6440507, 6440416)
(6440539, 6440448)
(6440570, 6440480)
(6440602, 6440512)
(6440635, 6440544)
(6440667, 6440576)
(6440699, 6440608)
(6440730, 6440640)
(6440763, 6440672)
(6440795, 6440704)
(6440826, 6440736)
(6440858, 6440768)
(6440890, 6440800)
(6440922, 6440832)
(6440954, 6440864)
(6440986, 6440896)
(6441018, 6440928)
(6441050, 6440960)
(6441082, 6440992)
(6441114, 6441024)
(6441146, 6441056)
(6441178, 6441088)
(6441210, 6441120)
(6441242, 6441152)
(6441274, 6441184)
(6441306, 6441216)
(6441338, 6441248)
(6441370, 6441280)
(6441402, 6441311)
(6441434, 6441344)
(6441466, 6441376)
(6441498, 6441408)
(6441530, 6441440)
(6441562, 6441472)
(6441594, 6441504)
(6441626, 6441536)
(6441658, 6441568)
(6441690, 6441600)
(6441722, 6441632)
(6441754, 6441664)
(6441786, 6441696)
(6441818, 6441728)
(6441850, 6441760)
(6441882, 6441792)
(6441914, 6441824)
(6441946, 6441856)
(6441979, 6441888)
(6442010, 6441920)
(6442042, 6441951)
(6442074, 6441984)
(6442106, 6442016)
(6442138, 6442048)
(6442170, 6442080)
(6442202, 6442112)
(6442234, 6442144)
(6442267, 6442176)
(6442298, 6442208)
(6442330, 6442240)
(6442362, 6442272)
(6442396, 6442303)
(6442426, 6442335)
(6442459, 6442368)
(6442490, 6442400)
(6442523, 6442432)
(6442554, 6442464)
(6442586, 6442496)
(6442619, 6442528)
(6442650, 6442560)
(6442682, 6442592)
(6442714, 6442624)
(6442746, 6442656)
(6442778, 6442688)
(6442810, 6442720)
(6442842, 6442752)
(6442874, 6442784)
(6442907, 6442816)
(6442939, 6442848)
(6442970, 6442880)
(6443002, 6442912)
(6443034, 6442944)
(6443067, 6442976)
(6443098, 6443008)
(6443130, 6443040)
(6443162, 6443072)
(6443194, 6443104)
(6443226, 6443136)
(6443258, 6443168)
(6443290, 6443200)
(6443322, 6443232)
(6443354, 6443264)
(6443386, 6443296)
(6443418, 6443328)
(6443450, 6443360)
(6443482, 6443392)
(6443514, 6443424)
(6443546, 6443456)
(6443578, 6443488)
(6443610, 6443520)
(6443642, 6443552)
(6443674, 6443584)
(6443706, 6443616)
(6443738, 6443648)
(6443770, 6443680)
(6443802, 6443712)
(6443834, 6443744)
(6443866, 6443776)
(6443898, 6443808)
(6443930, 6443840)
(6443963, 6443872)
(6443994, 6443904)
(6444026, 6443936)
(6444058, 6443968)
(6444091, 6444000)
(6444122, 6444032)
(6444154, 6444064)
(6444187, 6444096)
(6444218, 6444128)
(6444250, 6444160)
(6444282, 6444192)
(6444314, 6444224)
(6444346, 6444256)
(6444378, 6444288)
(6444410, 6444319)
(6444442, 6444352)
(6444474, 6444384)
(6444506, 6444416)
(6444538, 6444447)
(6444570, 6444480)
(6444602, 6444512)
(6444634, 6444543)
(6444666, 6444576)
(6444698, 6444608)
(6444730, 6444640)
(6444762, 6444672)
(6444794, 6444704)
(6444827, 6444736)
(6444858, 6444768)
(6444891, 6444800)
(6444923, 6444832)
(6444954, 6444864)
(6444986, 6444895)
(6445018, 6444928)
(6445051, 6444960)
(6445082, 6444992)
(6445114, 6445024)
(6445146, 6445056)
(6445178, 6445088)
(6445210, 6445120)
(6445242, 6445152)
(6445274, 6445184)
(6445306, 6445216)
(6445338, 6445248)
(6445370, 6445280)
(6445402, 6445312)
(6445434, 6445344)
(6445466, 6445376)
(6445498, 6445408)
(6445530, 6445440)
(6445562, 6445472)
(6445594, 6445504)
(6445626, 6445536)
(6445658, 6445568)
(6445690, 6445600)
(6445722, 6445632)
(6445754, 6445664)
(6445786, 6445696)
(6445818, 6445728)
(6445850, 6445760)
(6445882, 6445792)
(6445914, 6445824)
(6445946, 6445856)
(6445978, 6445888)
(6446010, 6445920)
(6446042, 6445952)
(6446075, 6445984)
(6446106, 6446016)
(6446139, 6446048)
(6446170, 6446080)
(6446202, 6446112)
(6446234, 6446144)
(6446266, 6446176)
(6446298, 6446208)
(6446330, 6446240)
(6446362, 6446271)
(6446394, 6446304)
(6446426, 6446336)
(6446458, 6446368)
(6446490, 6446400)
(6446522, 6446432)
(6446554, 6446464)
(6446586, 6446496)
(6446618, 6446528)
(6446650, 6446560)
(6446682, 6446592)
(6446714, 6446624)
(6446746, 6446656)
(6446778, 6446688)
(6446810, 6446720)
(6446842, 6446751)
(6446874, 6446784)
(6446906, 6446815)
(6446938, 6446848)
(6446970, 6446880)
(6447002, 6446912)
(6447034, 6446944)
(6447066, 6446976)
(6447098, 6447008)
(6447130, 6447040)
(6447162, 6447072)
(6447194, 6447104)
(6447226, 6447136)
(6447258, 6447168)
(6447290, 6447200)
(6447322, 6447232)
(6447354, 6447264)
(6447386, 6447296)
(6447418, 6447328)
(6447451, 6447360)
(6447482, 6447392)
(6447515, 6447424)
(6447546, 6447456)
(6447578, 6447488)
(6447610, 6447520)
(6447642, 6447552)
(6447674, 6447584)
(6447707, 6447616)
(6447739, 6447648)
(6447771, 6447680)
(6447802, 6447712)
(6447834, 6447743)
(6447866, 6447776)
(6447898, 6447808)
(6447930, 6447840)
(6447962, 6447872)
(6447994, 6447904)
(6448026, 6447936)
(6448058, 6447968)
(6448090, 6448000)
(6448122, 6448032)
(6448154, 6448064)
(6448186, 6448096)
(6448218, 6448128)
(6448250, 6448160)
(6448282, 6448192)
(6448314, 6448223)
(6448347, 6448256)
(6448378, 6448288)
(6448410, 6448320)
(6448443, 6448352)
(6448474, 6448384)
(6448506, 6448416)
(6448539, 6448448)
(6448570, 6448480)
(6448602, 6448512)
(6448634, 6448544)
(6448666, 6448576)
(6448698, 6448608)
(6448730, 6448640)
(6448762, 6448672)
(6448794, 6448704)
(6448826, 6448736)
(6448858, 6448768)
(6448890, 6448800)
(6448922, 6448832)
(6448954, 6448864)
(6448986, 6448896)
(6449018, 6448928)
(6449050, 6448960)
(6449082, 6448992)
(6449114, 6449024)
(6449147, 6449056)
(6449178, 6449088)
(6449210, 6449120)
(6449242, 6449152)
(6449275, 6449184)
(6449306, 6449216)
(6449338, 6449248)
(6449370, 6449280)
(6449402, 6449312)
(6449434, 6449344)
(6449466, 6449376)
(6449498, 6449408)
(6449530, 6449440)
(6449562, 6449472)
(6449595, 6449504)
(6449626, 6449536)
(6449658, 6449568)
(6449690, 6449600)
(6449723, 6449632)
(6449754, 6449664)
(6449787, 6449696)
(6449818, 6449728)
(6449850, 6449760)
(6449882, 6449792)
(6449914, 6449824)
(6449946, 6449856)
(6449978, 6449888)
(6450011, 6449920)
(6450042, 6449952)
(6450074, 6449983)
(6450107, 6450016)
(6450138, 6450048)
(6450170, 6450080)
(6450202, 6450112)
(6450234, 6450144)
(6450266, 6450176)
(6450298, 6450207)
(6450330, 6450240)
(6450362, 6450272)
(6450394, 6450304)
(6450427, 6450336)
(6450459, 6450368)
(6450490, 6450400)
(6450522, 6450432)
(6450554, 6450464)
(6450586, 6450496)
(6450618, 6450528)
(6450650, 6450560)
(6450682, 6450592)
(6450714, 6450624)
(6450746, 6450656)
(6450779, 6450688)
(6450810, 6450720)
(6450842, 6450752)
(6450874, 6450784)
(6450906, 6450816)
(6450938, 6450848)
(6450970, 6450880)
(6451002, 6450912)
(6451034, 6450944)
(6451066, 6450976)
(6451098, 6451007)
(6451130, 6451040)
(6451162, 6451072)
(6451194, 6451104)
(6451227, 6451136)
(6451258, 6451168)
(6451290, 6451200)
(6451323, 6451232)
(6451354, 6451264)
(6451386, 6451296)
(6451418, 6451328)
(6451450, 6451360)
(6451482, 6451392)
(6451514, 6451424)
(6451546, 6451456)
(6451580, 6451488)
(6451610, 6451520)
(6451642, 6451552)
(6451674, 6451584)
(6451706, 6451616)
(6451739, 6451648)
(6451770, 6451680)
(6451802, 6451712)
(6451834, 6451744)
(6451866, 6451776)
(6451898, 6451808)
(6451930, 6451840)
(6451962, 6451872)
(6451994, 6451904)
(6452026, 6451936)
(6452058, 6451968)
(6452090, 6452000)
(6452122, 6452032)
(6452154, 6452064)
(6452186, 6452096)
(6452218, 6452128)
(6452251, 6452160)
(6452282, 6452192)
(6452314, 6452224)
(6452347, 6452256)
(6452378, 6452288)
(6452410, 6452320)
(6452442, 6452352)
(6452474, 6452384)
(6452507, 6452416)
(6452538, 6452448)
(6452570, 6452480)
(6452602, 6452512)
(6452634, 6452544)
(6452666, 6452576)
(6452698, 6452608)
(6452732, 6452640)
(6452762, 6452672)
(6452794, 6452704)
(6452826, 6452736)
(6452858, 6452768)
(6452891, 6452800)
(6452922, 6452832)
(6452954, 6452864)
(6452986, 6452896)
(6453018, 6452928)
(6453050, 6452960)
(6453082, 6452992)
(6453114, 6453024)
(6453147, 6453056)
(6453178, 6453088)
(6453210, 6453120)
(6453242, 6453152)
(6453275, 6453184)
(6453306, 6453216)
(6453338, 6453248)
(6453370, 6453280)
(6453402, 6453312)
(6453434, 6453344)
(6453466, 6453376)
(6453498, 6453408)
(6453530, 6453440)
(6453562, 6453472)
(6453594, 6453504)
(6453626, 6453535)
(6453658, 6453568)
(6453690, 6453600)
(6453722, 6453632)
(6453754, 6453664)
(6453786, 6453696)
(6453818, 6453728)
(6453850, 6453760)
(6453882, 6453792)
(6453914, 6453824)
(6453946, 6453856)
(6453979, 6453888)
(6454010, 6453920)
(6454043, 6453951)
(6454074, 6453984)
(6454106, 6454016)
(6454138, 6454048)
(6454170, 6454080)
(6454202, 6454112)
(6454234, 6454144)
(6454266, 6454176)
(6454298, 6454208)
(6454330, 6454240)
(6454362, 6454272)
(6454394, 6454304)
(6454426, 6454336)
(6454458, 6454368)
(6454490, 6454400)
(6454522, 6454432)
(6454554, 6454464)
(6454586, 6454496)
(6454618, 6454528)
(6454650, 6454560)
(6454682, 6454592)
(6454714, 6454624)
(6454746, 6454656)
(6454778, 6454688)
(6454810, 6454720)
(6454842, 6454752)
(6454874, 6454784)
(6454906, 6454816)
(6454938, 6454848)
(6454970, 6454880)
(6455002, 6454912)
(6455034, 6454944)
(6455066, 6454975)
(6455098, 6455007)
(6455130, 6455040)
(6455163, 6455072)
(6455194, 6455104)
(6455226, 6455136)
(6455258, 6455168)
(6455290, 6455200)
(6455322, 6455232)
(6455354, 6455264)
(6455386, 6455296)
(6455418, 6455328)
(6455450, 6455360)
(6455482, 6455392)
(6455514, 6455424)
(6455546, 6455456)
(6455578, 6455488)
(6455610, 6455520)
(6455642, 6455552)
(6455674, 6455584)
(6455706, 6455616)
(6455738, 6455648)
(6455770, 6455680)
(6455802, 6455712)
(6455834, 6455744)
(6455866, 6455776)
(6455898, 6455808)
(6455930, 6455840)
(6455962, 6455872)
(6455994, 6455904)
(6456026, 6455935)
(6456058, 6455968)
(6456090, 6456000)
(6456122, 6456032)
(6456154, 6456064)
(6456186, 6456096)
(6456218, 6456128)
(6456250, 6456160)
(6456282, 6456192)
(6456314, 6456224)
(6456346, 6456256)
(6456378, 6456288)
(6456410, 6456320)
(6456442, 6456352)
(6456475, 6456384)
(6456506, 6456416)
(6456539, 6456448)
(6456571, 6456480)
(6456602, 6456512)
(6456634, 6456544)
(6456666, 6456576)
(6456699, 6456608)
(6456730, 6456640)
(6456762, 6456672)
(6456794, 6456704)
(6456826, 6456736)
(6456858, 6456768)
(6456890, 6456800)
(6456922, 6456832)
(6456954, 6456864)
(6456986, 6456896)
(6457018, 6456928)
(6457050, 6456960)
(6457082, 6456992)
(6457114, 6457024)
(6457146, 6457056)
(6457178, 6457088)
(6457210, 6457120)
(6457242, 6457152)
(6457274, 6457184)
(6457306, 6457216)
(6457338, 6457248)
(6457370, 6457280)
(6457402, 6457312)
(6457434, 6457344)
(6457466, 6457376)
(6457498, 6457408)
(6457530, 6457440)
(6457562, 6457472)
(6457594, 6457504)
(6457626, 6457536)
(6457658, 6457568)
(6457690, 6457600)
(6457723, 6457632)
(6457754, 6457664)
(6457787, 6457696)
(6457818, 6457728)
(6457850, 6457760)
(6457882, 6457792)
(6457914, 6457824)
(6457946, 6457856)
(6457978, 6457888)
(6458010, 6457920)
(6458042, 6457952)
(6458074, 6457984)
(6458106, 6458016)
(6458138, 6458048)
(6458170, 6458080)
(6458202, 6458112)
(6458234, 6458144)
(6458266, 6458176)
(6458299, 6458208)
(6458330, 6458240)
(6458362, 6458271)
(6458394, 6458304)
(6458428, 6458336)
(6458458, 6458368)
(6458491, 6458400)
(6458523, 6458432)
(6458554, 6458464)
(6458586, 6458496)
(6458618, 6458528)
(6458650, 6458560)
(6458682, 6458592)
(6458714, 6458623)
(6458746, 6458656)
(6458779, 6458688)
(6458810, 6458720)
(6458842, 6458752)
(6458874, 6458784)
(6458906, 6458816)
(6458938, 6458848)
(6458970, 6458880)
(6459002, 6458912)
(6459034, 6458944)
(6459066, 6458976)
(6459098, 6459007)
(6459130, 6459039)
(6459162, 6459071)
(6459194, 6459104)
(6459226, 6459136)
(6459259, 6459167)
(6459291, 6459199)
(6459322, 6459232)
(6459354, 6459264)
(6459386, 6459296)
(6459418, 6459328)
(6459450, 6459360)
(6459482, 6459392)
(6459514, 6459424)
(6459546, 6459456)
(6459578, 6459488)
(6459610, 6459520)
(6459642, 6459552)
(6459674, 6459584)
(6459706, 6459616)
(6459738, 6459648)
(6459770, 6459680)
(6459802, 6459712)
(6459834, 6459744)
(6459866, 6459776)
(6459898, 6459808)
(6459930, 6459840)
(6459962, 6459872)
(6459994, 6459903)
(6460026, 6459936)
(6460058, 6459968)
(6460090, 6460000)
(6460122, 6460032)
(6460154, 6460064)
(6460186, 6460096)
(6460218, 6460128)
(6460250, 6460160)
(6460282, 6460192)
(6460314, 6460224)
(6460346, 6460256)
(6460378, 6460288)
(6460410, 6460320)
(6460442, 6460352)
(6460474, 6460384)
(6460506, 6460416)
(6460538, 6460447)
(6460570, 6460480)
(6460602, 6460512)
(6460634, 6460544)
(6460666, 6460576)
(6460698, 6460608)
(6460730, 6460640)
(6460762, 6460672)
(6460794, 6460704)
(6460826, 6460736)
(6460858, 6460768)
(6460890, 6460800)
(6460922, 6460832)
(6460954, 6460864)
(6460986, 6460896)
(6461018, 6460928)
(6461050, 6460960)
(6461082, 6460992)
(6461114, 6461024)
(6461146, 6461056)
(6461178, 6461088)
(6461210, 6461120)
(6461242, 6461151)
(6461274, 6461184)
(6461306, 6461216)
(6461339, 6461248)
(6461370, 6461280)
(6461402, 6461312)
(6461434, 6461344)
(6461466, 6461376)
(6461498, 6461408)
(6461530, 6461440)
(6461562, 6461471)
(6461594, 6461504)
(6461626, 6461536)
(6461658, 6461568)
(6461690, 6461600)
(6461722, 6461632)
(6461754, 6461664)
(6461786, 6461696)
(6461818, 6461728)
(6461850, 6461760)
(6461882, 6461792)
(6461914, 6461824)
(6461946, 6461856)
(6461978, 6461888)
(6462010, 6461920)
(6462042, 6461952)
(6462074, 6461984)
(6462106, 6462016)
(6462138, 6462048)
(6462170, 6462079)
(6462202, 6462112)
(6462234, 6462144)
(6462266, 6462176)
(6462298, 6462208)
(6462330, 6462240)
(6462362, 6462272)
(6462396, 6462303)
(6462426, 6462336)
(6462458, 6462368)
(6462490, 6462400)
(6462522, 6462432)
(6462554, 6462464)
(6462587, 6462496)
(6462618, 6462528)
(6462650, 6462560)
(6462682, 6462592)
(6462714, 6462624)
(6462746, 6462656)
(6462778, 6462688)
(6462810, 6462720)
(6462843, 6462752)
(6462875, 6462784)
(6462906, 6462816)
(6462938, 6462848)
(6462970, 6462880)
(6463002, 6462912)
(6463034, 6462944)
(6463066, 6462976)
(6463098, 6463008)
(6463130, 6463040)
(6463162, 6463072)
(6463194, 6463104)
(6463226, 6463136)
(6463258, 6463168)
(6463290, 6463200)
(6463322, 6463232)
(6463354, 6463264)
(6463388, 6463296)
(6463418, 6463328)
(6463450, 6463360)
(6463482, 6463392)
(6463514, 6463424)
(6463546, 6463456)
(6463578, 6463488)
(6463610, 6463520)
(6463642, 6463552)
(6463674, 6463584)
(6463707, 6463616)
(6463738, 6463648)
(6463770, 6463680)
(6463802, 6463712)
(6463834, 6463744)
(6463866, 6463776)
(6463898, 6463808)
(6463930, 6463840)
(6463963, 6463872)
(6463994, 6463904)
