(6398045, 6397952)
(6398077, 6397984)
(6398109, 6398016)
(6398141, 6398048)
(6398173, 6398080)
(6398206, 6398112)
(6398237, 6398144)
(6398269, 6398176)
(6398301, 6398208)
(6398333, 6398240)
(6398365, 6398272)
(6398397, 6398304)
(6398429, 6398336)
(6398461, 6398368)
(6398494, 6398400)
(6398525, 6398432)
(6398557, 6398464)
(6398590, 6398496)
(6398621, 6398528)
(6398654, 6398560)
(6398685, 6398591)
(6398717, 6398624)
(6398749, 6398656)
(6398781, 6398688)
(6398813, 6398720)
(6398845, 6398752)
(6398877, 6398784)
(6398909, 6398816)
(6398941, 6398848)
(6398974, 6398880)
(6399005, 6398912)
(6399037, 6398944)
(6399069, 6398976)
(6399101, 6399008)
(6399133, 6399040)
(6399165, 6399072)
(6399197, 6399104)
(6399229, 6399136)
(6399261, 6399168)
(6399293, 6399200)
(6399325, 6399232)
(6399358, 6399264)
(6399390, 6399296)
(6399421, 6399328)
(6399453, 6399360)
(6399485, 6399392)
(6399517, 6399424)
(6399549, 6399456)
(6399581, 6399488)
(6399613, 6399520)
(6399645, 6399552)
(6399677, 6399584)
(6399709, 6399616)
(6399741, 6399648)
(6399773, 6399680)
(6399805, 6399712)
(6399838, 6399744)
(6399869, 6399776)
(6399901, 6399808)
(6399934, 6399840)
(6399965, 6399872)
(6399997, 6399904)
(6400030, 6399936)
(6400061, 6399968)
(6400093, 6400000)
(6400125, 6400032)
(6400158, 6400064)
(6400189, 6400096)
(6400221, 6400128)
(6400253, 6400160)
(6400285, 6400192)
(6400317, 6400224)
(6400349, 6400256)
(6400381, 6400288)
(6400413, 6400320)
(6400445, 6400352)
(6400477, 6400384)
(6400509, 6400416)
(6400541, 6400448)
(6400573, 6400480)
(6400605, 6400512)
(6400637, 6400544)
(6400670, 6400576)
(6400701, 6400608)
(6400733, 6400640)
(6400765, 6400672)
(6400797, 6400704)
(6400829, 6400736)
(6400861, 6400768)
(6400893, 6400800)
(6400926, 6400832)
(6400957, 6400864)
(6400989, 6400896)
(6401021, 6400928)
(6401053, 6400960)
(6401085, 6400992)
(6401117, 6401024)
(6401149, 6401056)
(6401181, 6401088)
(6401213, 6401120)
(6401245, 6401152)
(6401278, 6401184)
(6401309, 6401216)
(6401341, 6401248)
(6401373, 6401280)
(6401405, 6401312)
(6401437, 6401344)
(6401469, 6401376)
(6401501, 6401408)
(6401533, 6401440)
(6401566, 6401472)
(6401597, 6401504)
(6401629, 6401536)
(6401662, 6401568)
(6401693, 6401600)
(6401725, 6401632)
(6401758, 6401664)
(6401789, 6401696)
(6401821, 6401728)
(6401854, 6401760)
(6401885, 6401792)
(6401917, 6401824)
(6401949, 6401856)
(6401981, 6401887)
(6402013, 6401920)
(6402045, 6401952)
(6402077, 6401984)
(6402109, 6402016)
(6402141, 6402048)
(6402173, 6402080)
(6402206, 6402112)
(6402238, 6402144)
(6402269, 6402176)
(6402301, 6402208)
(6402333, 6402240)
(6402365, 6402272)
(6402397, 6402304)
(6402429, 6402336)
(6402461, 6402368)
(6402493, 6402400)
(6402525, 6402431)
(6402557, 6402464)
(6402589, 6402496)
(6402621, 6402528)
(6402653, 6402560)
(6402685, 6402592)
(6402717, 6402624)
(6402749, 6402656)
(6402781, 6402688)
(6402814, 6402720)
(6402845, 6402752)
(6402877, 6402784)
(6402909, 6402816)
(6402941, 6402848)
(6402973, 6402880)
(6403005, 6402912)
(6403037, 6402944)
(6403069, 6402976)
(6403101, 6403008)
(6403134, 6403040)
(6403166, 6403072)
(6403198, 6403104)
(6403231, 6403136)
(6403261, 6403168)
(6403293, 6403200)
(6403326, 6403232)
(6403357, 6403264)
(6403390, 6403296)
(6403422, 6403328)
(6403454, 6403360)
(6403485, 6403392)
(6403517, 6403424)
(6403550, 6403456)
(6403581, 6403488)
(6403613, 6403519)
(6403645, 6403552)
(6403677, 6403584)
(6403709, 6403616)
(6403741, 6403648)
(6403773, 6403680)
(6403805, 6403712)
(6403837, 6403744)
(6403869, 6403776)
(6403901, 6403808)
(6403933, 6403840)
(6403965, 6403872)
(6403997, 6403904)
(6404030, 6403936)
(6404061, 6403968)
(6404093, 6404000)
(6404125, 6404032)
(6404157, 6404064)
(6404189, 6404096)
(6404221, 6404128)
(6404253, 6404160)
(6404285, 6404192)
(6404317, 6404224)
(6404349, 6404256)
(6404381, 6404288)
(6404413, 6404320)
(6404445, 6404351)
(6404477, 6404384)
(6404509, 6404416)
(6404541, 6404448)
(6404573, 6404480)
(6404605, 6404512)
(6404638, 6404544)
(6404669, 6404576)
(6404701, 6404608)
(6404733, 6404640)
(6404765, 6404672)
(6404797, 6404704)
(6404829, 6404736)
(6404862, 6404768)
(6404893, 6404800)
(6404925, 6404832)
(6404957, 6404864)
(6404989, 6404896)
(6405021, 6404928)
(6405054, 6404960)
(6405085, 6404992)
(6405117, 6405024)
(6405149, 6405056)
(6405181, 6405088)
(6405213, 6405120)
(6405245, 6405152)
(6405277, 6405184)
(6405310, 6405216)
(6405341, 6405248)
(6405373, 6405280)
(6405405, 6405312)
(6405438, 6405344)
(6405469, 6405376)
(6405501, 6405408)
(6405534, 6405440)
(6405565, 6405472)
(6405597, 6405504)
(6405629, 6405536)
(6405661, 6405568)
(6405694, 6405600)
(6405726, 6405632)
(6405757, 6405664)
(6405789, 6405696)
(6405821, 6405728)
(6405853, 6405760)
(6405885, 6405792)
(6405917, 6405824)
(6405949, 6405856)
(6405981, 6405888)
(6406014, 6405920)
(6406045, 6405952)
(6406077, 6405984)
(6406109, 6406016)
(6406141, 6406048)
(6406173, 6406080)
(6406205, 6406112)
(6406237, 6406144)
(6406269, 6406176)
(6406301, 6406207)
(6406333, 6406240)
(6406365, 6406272)
(6406397, 6406304)
(6406429, 6406336)
(6406461, 6406368)
(6406493, 6406400)
(6406525, 6406432)
(6406557, 6406464)
(6406589, 6406496)
(6406621, 6406528)
(6406653, 6406560)
(6406685, 6406592)
(6406717, 6406624)
(6406749, 6406656)
(6406781, 6406688)
(6406814, 6406720)
(6406845, 6406752)
(6406878, 6406784)
(6406909, 6406816)
(6406941, 6406848)
(6406973, 6406880)
(6407005, 6406912)
(6407037, 6406944)
(6407069, 6406976)
(6407101, 6407008)
(6407133, 6407040)
(6407165, 6407072)
(6407197, 6407104)
(6407229, 6407136)
(6407261, 6407168)
(6407293, 6407200)
(6407325, 6407232)
(6407359, 6407264)
(6407389, 6407295)
(6407421, 6407328)
(6407454, 6407360)
(6407485, 6407392)
(6407517, 6407424)
(6407550, 6407456)
(6407581, 6407488)
(6407613, 6407520)
(6407645, 6407552)
(6407677, 6407584)
(6407709, 6407616)
(6407741, 6407648)
(6407773, 6407680)
(6407805, 6407712)
(6407837, 6407744)
(6407869, 6407776)
(6407902, 6407808)
(6407933, 6407840)
(6407965, 6407872)
(6407997, 6407904)
(6408029, 6407936)
(6408061, 6407968)
(6408093, 6408000)
(6408125, 6408032)
(6408158, 6408064)
(6408190, 6408096)
(6408221, 6408128)
(6408253, 6408160)
(6408285, 6408192)
(6408318, 6408224)
(6408349, 6408256)
(6408382, 6408288)
(6408413, 6408320)
(6408445, 6408352)
(6408477, 6408384)
(6408509, 6408416)
(6408541, 6408448)
(6408573, 6408480)
(6408605, 6408512)
(6408637, 6408544)
(6408670, 6408576)
(6408702, 6408608)
(6408734, 6408640)
(6408767, 6408672)
(6408798, 6408703)
(6408830, 6408736)
(6408862, 6408768)
(6408894, 6408800)
(6408926, 6408832)
(6408958, 6408864)
(6408990, 6408896)
(6409022, 6408928)
(6409054, 6408960)
(6409086, 6408992)
(6409118, 6409024)
(6409150, 6409056)
(6409182, 6409088)
(6409214, 6409120)
(6409246, 6409152)
(6409278, 6409184)
(6409310, 6409216)
(6409342, 6409248)
(6409374, 6409280)
(6409405, 6409312)
(6409437, 6409344)
(6409469, 6409376)
(6409501, 6409408)
(6409533, 6409440)
(6409566, 6409472)
(6409597, 6409504)
(6409629, 6409536)
(6409661, 6409568)
(6409693, 6409600)
(6409725, 6409632)
(6409757, 6409664)
(6409789, 6409696)
(6409821, 6409728)
(6409853, 6409760)
(6409885, 6409792)
(6409917, 6409824)
(6409949, 6409856)
(6409981, 6409888)
(6410013, 6409920)
(6410045, 6409952)
(6410077, 6409984)
(6410110, 6410015)
(6410142, 6410048)
(6410173, 6410080)
(6410205, 6410112)
(6410237, 6410144)
(6410269, 6410176)
(6410301, 6410208)
(6410333, 6410240)
(6410365, 6410272)
(6410397, 6410304)
(6410430, 6410336)
(6410461, 6410368)
(6410493, 6410400)
(6410526, 6410432)
(6410557, 6410464)
(6410589, 6410496)
(6410621, 6410528)
(6410653, 6410560)
(6410685, 6410592)
(6410717, 6410624)
(6410749, 6410656)
(6410781, 6410688)
(6410813, 6410720)
(6410846, 6410752)
(6410877, 6410784)
(6410909, 6410816)
(6410941, 6410848)
(6410973, 6410880)
(6411005, 6410912)
(6411037, 6410944)
(6411069, 6410976)
(6411101, 6411008)
(6411133, 6411040)
(6411165, 6411072)
(6411197, 6411104)
(6411229, 6411135)
(6411261, 6411168)
(6411293, 6411200)
(6411325, 6411232)
(6411357, 6411264)
(6411389, 6411296)
(6411421, 6411328)
(6411453, 6411360)
(6411485, 6411392)
(6411517, 6411424)
(6411549, 6411456)
(6411581, 6411488)
(6411613, 6411520)
(6411646, 6411552)
(6411677, 6411584)
(6411709, 6411616)
(6411741, 6411648)
(6411773, 6411680)
(6411805, 6411712)
(6411837, 6411744)
(6411869, 6411776)
(6411901, 6411808)
(6411933, 6411840)
(6411965, 6411872)
(6411997, 6411904)
(6412029, 6411936)
(6412061, 6411968)
(6412093, 6412000)
(6412125, 6412032)
(6412157, 6412063)
(6412189, 6412096)
(6412221, 6412128)
(6412253, 6412160)
(6412285, 6412192)
(6412317, 6412224)
(6412349, 6412256)
(6412381, 6412288)
(6412413, 6412320)
(6412445, 6412352)
(6412477, 6412384)
(6412509, 6412416)
(6412541, 6412448)
(6412573, 6412480)
(6412605, 6412512)
(6412637, 6412544)
(6412669, 6412576)
(6412701, 6412608)
(6412733, 6412640)
(6412765, 6412672)
(6412797, 6412704)
(6412829, 6412736)
(6412861, 6412768)
(6412893, 6412800)
(6412925, 6412832)
(6412957, 6412864)
(6412989, 6412896)
(6413022, 6412928)
(6413054, 6412960)
(6413085, 6412992)
(6413117, 6413024)
(6413149, 6413056)
(6413181, 6413088)
(6413213, 6413120)
(6413245, 6413152)
(6413277, 6413184)
(6413309, 6413216)
(6413341, 6413248)
(6413373, 6413280)
(6413405, 6413312)
(6413437, 6413344)
(6413469, 6413376)
(6413501, 6413408)
(6413533, 6413439)
(6413565, 6413472)
(6413597, 6413504)
(6413631, 6413536)
(6413661, 6413568)
(6413693, 6413600)
(6413725, 6413632)
(6413757, 6413664)
(6413789, 6413696)
(6413821, 6413728)
(6413853, 6413760)
(6413886, 6413791)
(6413918, 6413824)
(6413950, 6413856)
(6413982, 6413888)
(6414014, 6413920)
(6414045, 6413952)
(6414078, 6413984)
(6414109, 6414016)
(6414141, 6414048)
(6414173, 6414080)
(6414205, 6414112)
(6414237, 6414144)
(6414269, 6414176)
(6414301, 6414208)
(6414333, 6414240)
(6414367, 6414272)
(6414397, 6414304)
(6414429, 6414336)
(6414461, 6414368)
(6414493, 6414400)
(6414525, 6414432)
(6414557, 6414464)
(6414589, 6414496)
(6414622, 6414528)
(6414653, 6414560)
(6414685, 6414592)
(6414717, 6414624)
(6414750, 6414656)
(6414781, 6414688)
(6414813, 6414720)
(6414845, 6414752)
(6414877, 6414784)
(6414909, 6414816)
(6414941, 6414848)
(6414973, 6414880)
(6415005, 6414912)
(6415037, 6414944)
(6415069, 6414975)
(6415101, 6415008)
(6415133, 6415040)
(6415165, 6415072)
(6415197, 6415104)
(6415229, 6415136)
(6415261, 6415168)
(6415293, 6415200)
(6415325, 6415232)
(6415357, 6415264)
(6415389, 6415296)
(6415421, 6415328)
(6415454, 6415360)
(6415485, 6415392)
(6415517, 6415424)
(6415550, 6415456)
(6415583, 6415488)
(6415613, 6415520)
(6415646, 6415551)
(6415677, 6415584)
(6415709, 6415616)
(6415742, 6415648)
(6415773, 6415680)
(6415805, 6415712)
(6415837, 6415744)
(6415869, 6415776)
(6415901, 6415808)
(6415933, 6415840)
(6415965, 6415871)
(6415997, 6415904)
(6416029, 6415936)
(6416062, 6415968)
(6416093, 6416000)
(6416125, 6416032)
(6416157, 6416064)
(6416189, 6416096)
(6416221, 6416128)
(6416254, 6416160)
(6416285, 6416192)
(6416317, 6416223)
(6416349, 6416256)
(6416381, 6416288)
(6416414, 6416320)
(6416445, 6416352)
(6416477, 6416384)
(6416509, 6416416)
(6416541, 6416448)
(6416573, 6416480)
(6416606, 6416512)
(6416638, 6416543)
(6416669, 6416576)
(6416701, 6416608)
(6416734, 6416640)
(6416765, 6416672)
(6416798, 6416704)
(6416829, 6416736)
(6416861, 6416768)
(6416893, 6416800)
(6416926, 6416832)
(6416957, 6416864)
(6416989, 6416894)
(6417021, 6416927)
(6417053, 6416960)
(6417085, 6416992)
(6417117, 6417024)
(6417149, 6417056)
(6417181, 6417088)
(6417213, 6417120)
(6417245, 6417152)
(6417277, 6417184)
(6417309, 6417216)
(6417341, 6417248)
(6417373, 6417280)
(6417405, 6417311)
(6417438, 6417344)
(6417469, 6417376)
(6417501, 6417407)
(6417533, 6417440)
(6417565, 6417472)
(6417597, 6417504)
(6417630, 6417536)
(6417790, 6417632)
(6417854, 6417760)
(6417886, 6417792)
(6417918, 6417824)
(6417950, 6417856)
(6417982, 6417887)
(6418014, 6417920)
(6418046, 6417952)
(6418078, 6417984)
(6418110, 6418016)
(6418142, 6418048)
(6418174, 6418080)
(6418206, 6418112)
(6418238, 6418144)
(6418269, 6418176)
(6418301, 6418208)
(6418334, 6418240)
(6418365, 6418272)
(6418397, 6418304)
(6418430, 6418336)
(6418461, 6418368)
(6418494, 6418400)
(6418525, 6418432)
(6418559, 6418464)
(6418589, 6418496)
(6418622, 6418528)
(6418653, 6418560)
(6418685, 6418592)
(6418717, 6418624)
(6418749, 6418656)
(6418781, 6418688)
(6418813, 6418720)
(6418845, 6418752)
(6418877, 6418784)
(6418909, 6418816)
(6418941, 6418848)
(6418973, 6418880)
(6419005, 6418911)
(6419037, 6418944)
(6419069, 6418976)
(6419101, 6419008)
(6419133, 6419040)
(6419165, 6419072)
(6419198, 6419104)
(6419229, 6419136)
(6419261, 6419168)
(6419293, 6419200)
(6419325, 6419232)
(6419358, 6419264)
(6419389, 6419296)
(6419421, 6419327)
(6419453, 6419360)
(6419485, 6419392)
(6419517, 6419424)
(6419549, 6419456)
(6419581, 6419488)
(6419613, 6419520)
(6419645, 6419552)
(6419677, 6419584)
(6419709, 6419616)
(6419741, 6419648)
(6419773, 6419680)
(6419805, 6419712)
(6419837, 6419744)
(6419869, 6419776)
(6419901, 6419808)
(6419934, 6419840)
(6419965, 6419872)
(6419999, 6419904)
(6420030, 6419936)
(6420061, 6419968)
(6420093, 6420000)
(6420125, 6420032)
(6420157, 6420064)
(6420190, 6420096)
(6420221, 6420128)
(6420253, 6420160)
(6420285, 6420192)
(6420319, 6420223)
(6420350, 6420256)
(6420382, 6420288)
(6420414, 6420320)
(6420446, 6420352)
(6420478, 6420384)
(6420510, 6420416)
(6420542, 6420447)
(6420574, 6420480)
(6420606, 6420512)
(6420638, 6420544)
(6420670, 6420576)
(6420702, 6420608)
(6420734, 6420640)
(6420766, 6420671)
(6420798, 6420704)
(6420830, 6420735)
(6420862, 6420768)
(6420894, 6420800)
(6420926, 6420832)
(6420957, 6420864)
(6420990, 6420896)
(6421022, 6420928)
(6421054, 6420960)
(6421086, 6420992)
(6421117, 6421024)
(6421150, 6421056)
(6421182, 6421088)
(6421214, 6421120)
(6421245, 6421152)
(6421277, 6421184)
(6421309, 6421216)
(6421342, 6421248)
(6421373, 6421280)
(6421405, 6421312)
(6421438, 6421344)
(6421469, 6421376)
(6421501, 6421408)
(6421533, 6421440)
(6421566, 6421472)
(6421597, 6421503)
(6421629, 6421536)
(6421661, 6421568)
(6421694, 6421600)
(6421726, 6421632)
(6421758, 6421664)
(6421790, 6421696)
(6421821, 6421728)
(6421853, 6421760)
(6421885, 6421792)
(6421917, 6421824)
(6421950, 6421856)
(6421981, 6421888)
(6422013, 6421920)
(6422045, 6421952)
(6422077, 6421984)
(6422109, 6422016)
(6422141, 6422048)
(6422174, 6422080)
(6422205, 6422112)
(6422238, 6422144)
(6422269, 6422176)
(6422301, 6422208)
(6422333, 6422240)
(6422366, 6422272)
(6422398, 6422304)
(6422429, 6422336)
(6422461, 6422368)
(6422493, 6422400)
(6422525, 6422432)
(6422557, 6422464)
(6422589, 6422496)
(6422622, 6422528)
(6422653, 6422560)
(6422685, 6422592)
(6422717, 6422624)
(6422750, 6422656)
(6422781, 6422688)
(6422813, 6422720)
(6422845, 6422752)
(6422877, 6422784)
(6422909, 6422816)
(6422941, 6422848)
(6422974, 6422880)
(6423005, 6422912)
(6423037, 6422944)
(6423069, 6422976)
(6423101, 6423008)
(6423134, 6423040)
(6423165, 6423072)
(6423197, 6423104)
(6423229, 6423136)
(6423261, 6423168)
(6423293, 6423200)
(6423325, 6423232)
(6423357, 6423264)
(6423389, 6423296)
(6423421, 6423328)
(6423453, 6423360)
(6423485, 6423392)
(6423517, 6423424)
(6423549, 6423455)
(6423581, 6423488)
(6423614, 6423520)
(6423645, 6423552)
(6423677, 6423584)
(6423709, 6423616)
(6423741, 6423648)
(6423774, 6423680)
(6423805, 6423712)
(6423838, 6423744)
(6423869, 6423776)
(6423901, 6423808)
(6423934, 6423840)
(6423965, 6423872)
(6423998, 6423904)
(6424384, 6424287)
(6424415, 6424320)
(6424447, 6424352)
(6424480, 6424384)
(6424510, 6424416)
(6424543, 6424448)
(6424574, 6424480)
(6424606, 6424512)
(6424639, 6424544)
(6424670, 6424576)
(6424702, 6424608)
(6424734, 6424640)
(6424766, 6424672)
(6424800, 6424704)
(6424830, 6424736)
(6424862, 6424768)
(6424894, 6424800)
(6424926, 6424832)
(6424958, 6424864)
(6424990, 6424896)
(6425022, 6424928)
(6425054, 6424960)
(6425086, 6424992)
(6425118, 6425024)
(6425150, 6425056)
(6425182, 6425088)
(6425214, 6425120)
(6425246, 6425152)
(6425278, 6425184)
(6425310, 6425216)
(6425341, 6425248)
(6425373, 6425280)
(6425405, 6425312)
(6425437, 6425344)
(6425469, 6425376)
(6425502, 6425408)
(6425533, 6425440)
(6425565, 6425472)
(6425598, 6425504)
(6425630, 6425536)
(6425662, 6425568)
(6425694, 6425599)
(6425726, 6425632)
(6425758, 6425664)
(6425791, 6425696)
(6425822, 6425728)
(6425854, 6425760)
(6425886, 6425792)
(6425917, 6425824)
(6425949, 6425856)
(6425981, 6425888)
(6426013, 6425920)
(6426045, 6425952)
(6426078, 6425984)
(6426109, 6426016)
(6426141, 6426048)
(6426173, 6426080)
(6426205, 6426112)
(6426238, 6426144)
(6426269, 6426176)
(6426301, 6426208)
(6426333, 6426240)
(6426366, 6426272)
(6426397, 6426304)
(6426429, 6426336)
(6426461, 6426368)
(6426493, 6426400)
(6426525, 6426432)
(6426557, 6426464)
(6426589, 6426496)
(6426621, 6426528)
(6426653, 6426560)
(6426686, 6426592)
(6426718, 6426624)
(6426750, 6426656)
(6426781, 6426688)
(6426813, 6426720)
(6426845, 6426752)
(6426877, 6426784)
(6426910, 6426816)
(6426941, 6426848)
(6426973, 6426880)
(6427005, 6426912)
(6427038, 6426944)
(6427069, 6426976)
(6427101, 6427008)
(6427134, 6427040)
(6427165, 6427072)
(6427197, 6427104)
(6427229, 6427136)
(6427261, 6427168)
(6427293, 6427200)
(6427325, 6427232)
(6427358, 6427264)
(6427390, 6427296)
(6427421, 6427328)
(6427455, 6427360)
(6427485, 6427392)
(6427517, 6427424)
(6427549, 6427456)
(6427581, 6427488)
(6427613, 6427520)
(6427645, 6427552)
(6427678, 6427584)
(6427709, 6427616)
(6427741, 6427648)
(6427774, 6427680)
(6427806, 6427712)
(6427838, 6427744)
(6427869, 6427776)
(6427902, 6427808)
(6427933, 6427840)
(6427966, 6427872)
(6427997, 6427904)
(6428029, 6427936)
(6428061, 6427968)
(6428094, 6428000)
(6428125, 6428032)
(6428157, 6428064)
(6428191, 6428096)
(6428221, 6428128)
(6428253, 6428160)
(6428286, 6428192)
(6428319, 6428224)
(6428349, 6428256)
(6428382, 6428288)
(6428413, 6428320)
(6428446, 6428352)
(6428477, 6428384)
(6428509, 6428416)
(6428541, 6428448)
(6428573, 6428480)
(6428605, 6428512)
(6428637, 6428544)
(6428670, 6428576)
(6428702, 6428608)
(6428734, 6428640)
(6428765, 6428672)
(6428797, 6428704)
(6428829, 6428736)
(6428862, 6428768)
(6428893, 6428800)
(6428925, 6428832)
(6428959, 6428864)
(6428989, 6428896)
(6429021, 6428928)
(6429054, 6428960)
(6429086, 6428992)
(6429118, 6429024)
(6429150, 6429056)
(6429181, 6429088)
(6429213, 6429120)
(6429245, 6429152)
(6429277, 6429184)
(6429309, 6429216)
(6429341, 6429248)
(6429373, 6429280)
(6429405, 6429312)
(6429437, 6429344)
(6429469, 6429376)
(6429502, 6429408)
(6429533, 6429440)
(6429565, 6429472)
(6429597, 6429504)
(6429629, 6429536)
(6429662, 6429568)
(6429693, 6429600)
(6429725, 6429632)
(6429758, 6429664)
(6429789, 6429696)
(6429821, 6429728)
(6429853, 6429760)
(6429885, 6429792)
(6429917, 6429824)
(6429949, 6429856)
(6429981, 6429888)
(6430013, 6429920)
(6430045, 6429952)
(6430077, 6429984)
(6430110, 6430016)
(6430142, 6430048)
(6430174, 6430080)
(6430206, 6430112)
(6430239, 6430144)
(6430269, 6430175)
(6430301, 6430208)
(6430335, 6430240)
(6430365, 6430272)
(6430397, 6430304)
(6430429, 6430336)
(6430462, 6430368)
(6430493, 6430400)
(6430525, 6430432)
(6430558, 6430464)
(6430589, 6430496)
(6430621, 6430528)
(6430654, 6430560)
(6430685, 6430592)
(6430717, 6430624)
(6430749, 6430656)
(6430781, 6430688)
(6430813, 6430720)
(6430847, 6430752)
(6430877, 6430784)
(6430910, 6430816)
(6430941, 6430848)
(6430973, 6430880)
(6431005, 6430912)
(6431038, 6430944)
(6431069, 6430976)
(6431101, 6431008)
(6431133, 6431040)
(6431166, 6431072)
(6431197, 6431104)
(6431229, 6431136)
(6431261, 6431168)
(6431293, 6431200)
(6431326, 6431232)
(6431357, 6431264)
(6431389, 6431296)
(6431421, 6431328)
(6431453, 6431360)
(6431485, 6431392)
(6431517, 6431424)
(6431550, 6431456)
(6431581, 6431488)
(6431613, 6431520)
(6431645, 6431552)
(6431677, 6431584)
(6431709, 6431616)
(6431742, 6431648)
(6431773, 6431680)
(6431805, 6431712)
(6431838, 6431744)
(6431870, 6431776)
(6431901, 6431808)
(6431933, 6431840)
(6431965, 6431872)
(6431997, 6431904)
(6432029, 6431936)
(6432062, 6431968)
(6432093, 6432000)
(6432125, 6432032)
(6432157, 6432064)
(6432189, 6432096)
(6432221, 6432128)
(6432253, 6432160)
(6432285, 6432192)
(6432317, 6432224)
(6432349, 6432256)
(6432381, 6432288)
(6432413, 6432320)
(6432445, 6432352)
(6432477, 6432384)
(6432509, 6432416)
(6432541, 6432448)
(6432574, 6432480)
(6432605, 6432511)
(6432637, 6432544)
(6432669, 6432575)
(6432701, 6432608)
(6432733, 6432640)
(6432765, 6432672)
(6432797, 6432704)
(6432829, 6432736)
(6432862, 6432768)
(6432893, 6432800)
(6432925, 6432832)
(6432957, 6432864)
(6432989, 6432896)
(6433021, 6432928)
(6433053, 6432960)
(6433086, 6432991)
(6433118, 6433024)
(6433150, 6433056)
(6433181, 6433088)
(6433213, 6433120)
(6433246, 6433152)
(6433278, 6433184)
(6433309, 6433216)
(6433341, 6433248)
(6433373, 6433280)
(6433405, 6433312)
(6433438, 6433344)
(6433469, 6433376)
(6433501, 6433408)
(6433534, 6433440)
(6433565, 6433472)
(6433597, 6433504)
(6433629, 6433536)
(6433661, 6433568)
(6433693, 6433600)
(6433726, 6433632)
(6433757, 6433664)
(6433789, 6433696)
(6433821, 6433728)
(6433853, 6433760)
(6433885, 6433792)
(6433917, 6433824)
(6433950, 6433856)
(6433981, 6433888)
(6434013, 6433920)
(6434046, 6433952)
(6434077, 6433984)
(6434110, 6434016)
(6434141, 6434048)
(6434173, 6434080)
(6434205, 6434112)
(6434238, 6434144)
(6434270, 6434176)
(6434302, 6434207)
(6434333, 6434240)
(6434365, 6434272)
(6434398, 6434304)
(6434430, 6434336)
(6434461, 6434368)
(6434495, 6434400)
(6434525, 6434432)
(6434558, 6434464)
(6434591, 6434496)
(6434622, 6434528)
(6434653, 6434560)
(6434685, 6434592)
(6434717, 6434624)
(6434750, 6434656)
(6434782, 6434688)
(6434813, 6434720)
(6434845, 6434752)
(6434877, 6434784)
(6434909, 6434816)
(6434942, 6434848)
(6434973, 6434880)
(6435005, 6434912)
(6435037, 6434944)
(6435069, 6434976)
(6435101, 6435008)
(6435133, 6435040)
(6435165, 6435072)
(6435197, 6435104)
(6435229, 6435136)
(6435261, 6435168)
(6435293, 6435200)
(6435325, 6435232)
(6435357, 6435264)
(6435389, 6435296)
(6435421, 6435328)
(6435453, 6435360)
(6435485, 6435392)
(6435517, 6435424)
(6435549, 6435456)
(6435582, 6435488)
(6435613, 6435520)
(6435645, 6435552)
(6435677, 6435584)
(6435709, 6435616)
(6435741, 6435648)
(6435775, 6435680)
(6435805, 6435712)
(6435837, 6435744)
(6435870, 6435776)
(6435901, 6435808)
(6435933, 6435840)
(6435965, 6435872)
(6435997, 6435904)
(6436029, 6435936)
(6436061, 6435968)
(6436093, 6436000)
(6436126, 6436032)
(6436157, 6436063)
(6436190, 6436096)
(6436221, 6436128)
(6436253, 6436160)
(6436286, 6436192)
(6436317, 6436224)
(6436349, 6436256)
(6436381, 6436288)
(6436413, 6436320)
(6436446, 6436352)
(6436478, 6436384)
(6436510, 6436416)
(6436542, 6436448)
(6436576, 6436480)
(6436606, 6436512)
(6436638, 6436544)
(6436669, 6436576)
(6436702, 6436608)
(6436734, 6436640)
(6436766, 6436672)
(6436797, 6436704)
(6436829, 6436736)
(6436861, 6436768)
(6436894, 6436800)
(6436926, 6436832)
(6436957, 6436864)
(6436990, 6436896)
(6437021, 6436928)
(6437053, 6436960)
(6437085, 6436992)
(6437118, 6437024)
(6437149, 6437056)
(6437182, 6437088)
(6437214, 6437120)
(6437245, 6437152)
(6437277, 6437184)
(6437309, 6437216)
(6437341, 6437248)
(6437373, 6437280)
(6437405, 6437312)
(6437437, 6437344)
(6437469, 6437376)
(6437501, 6437408)
(6437533, 6437440)
(6437565, 6437472)
(6437597, 6437504)
(6437629, 6437536)
(6437662, 6437567)
(6437694, 6437600)
(6437726, 6437632)
(6437757, 6437664)
(6437789, 6437696)
(6437821, 6437728)
(6437854, 6437760)
(6437885, 6437792)
(6437918, 6437824)
(6437950, 6437856)
(6437981, 6437888)
(6438014, 6437920)
(6438045, 6437952)
(6438078, 6437984)
(6438110, 6438016)
(6438142, 6438048)
(6438173, 6438080)
(6438205, 6438112)
(6438237, 6438144)
(6438270, 6438176)
(6438302, 6438208)
(6438333, 6438240)
(6438366, 6438272)
(6438398, 6438304)
(6438429, 6438335)
(6438461, 6438368)
(6438493, 6438400)
(6438525, 6438432)
(6438557, 6438464)
(6438589, 6438496)
(6438621, 6438527)
(6438653, 6438560)
(6438685, 6438592)
(6438718, 6438624)
(6438749, 6438656)
(6438781, 6438688)
(6438813, 6438720)
(6438845, 6438752)
(6438878, 6438784)
(6438909, 6438816)
(6438941, 6438848)
(6438973, 6438880)
(6439006, 6438912)
(6439038, 6438944)
(6439069, 6438976)
(6439101, 6439008)
(6439133, 6439040)
(6439165, 6439072)
(6439197, 6439104)
(6439229, 6439136)
(6439261, 6439168)
(6439293, 6439199)
(6439325, 6439232)
(6439357, 6439264)
(6439389, 6439296)
(6439421, 6439328)
(6439453, 6439360)
(6439485, 6439392)
(6439517, 6439424)
(6439549, 6439456)
(6439581, 6439488)
(6439613, 6439520)
(6439645, 6439552)
(6439677, 6439584)
(6439709, 6439616)
(6439741, 6439648)
(6439773, 6439680)
(6439805, 6439712)
(6439837, 6439744)
(6439869, 6439776)
(6439901, 6439808)
(6439933, 6439840)
(6439965, 6439872)
(6439998, 6439904)
(6440029, 6439936)
(6440061, 6439968)
(6440093, 6440000)
(6440125, 6440032)
(6440157, 6440063)
(6440189, 6440096)
(6440221, 6440128)
(6440253, 6440160)
(6440286, 6440192)
(6440318, 6440224)
(6440349, 6440256)
(6440381, 6440288)
(6440414, 6440320)
(6440445, 6440352)
(6440477, 6440384)
(6440510, 6440416)
(6440542, 6440448)
(6440573, 6440480)
(6440607, 6440512)
(6440638, 6440544)
(6440670, 6440576)
(6440702, 6440608)
(6440733, 6440640)
(6440766, 6440672)
(6440798, 6440704)
(6440829, 6440736)
(6440861, 6440768)
(6440894, 6440800)
(6440925, 6440832)
(6440957, 6440864)
(6440989, 6440896)
(6441021, 6440928)
(6441053, 6440960)
(6441086, 6440992)
(6441118, 6441024)
(6441149, 6441056)
(6441181, 6441088)
(6441213, 6441120)
(6441245, 6441152)
(6441277, 6441184)
(6441309, 6441216)
(6441341, 6441248)
(6441373, 6441280)
(6441405, 6441311)
(6441437, 6441344)
(6441470, 6441376)
(6441501, 6441408)
(6441533, 6441440)
(6441565, 6441472)
(6441597, 6441504)
(6441629, 6441536)
(6441661, 6441568)
(6441693, 6441600)
(6441725, 6441632)
(6441757, 6441664)
(6441789, 6441696)
(6441821, 6441728)
(6441853, 6441760)
(6441885, 6441792)
(6441917, 6441824)
(6441949, 6441856)
(6441981, 6441888)
(6442013, 6441920)
(6442046, 6441951)
(6442077, 6441984)
(6442109, 6442016)
(6442142, 6442048)
(6442173, 6442080)
(6442205, 6442112)
(6442237, 6442144)
(6442270, 6442176)
(6442302, 6442208)
(6442333, 6442240)
(6442365, 6442272)
(6442398, 6442303)
(6442429, 6442335)
(6442461, 6442368)
(6442493, 6442400)
(6442526, 6442432)
(6442557, 6442464)
(6442589, 6442496)
(6442622, 6442528)
(6442653, 6442560)
(6442685, 6442592)
(6442717, 6442624)
(6442749, 6442656)
(6442781, 6442688)
(6442813, 6442720)
(6442845, 6442752)
(6442877, 6442784)
(6442910, 6442816)
(6442942, 6442848)
(6442973, 6442880)
(6443005, 6442912)
(6443037, 6442944)
(6443069, 6442976)
(6443102, 6443008)
(6443133, 6443040)
(6443165, 6443072)
(6443197, 6443104)
(6443229, 6443136)
(6443261, 6443168)
(6443293, 6443200)
(6443325, 6443232)
(6443357, 6443264)
(6443389, 6443296)
(6443421, 6443328)
(6443453, 6443360)
(6443485, 6443392)
(6443517, 6443424)
(6443549, 6443456)
(6443581, 6443488)
(6443613, 6443520)
(6443645, 6443552)
(6443677, 6443584)
(6443709, 6443616)
(6443741, 6443648)
(6443775, 6443680)
(6443805, 6443712)
(6443837, 6443744)
(6443869, 6443776)
(6443901, 6443808)
(6443933, 6443840)
(6443966, 6443872)
(6443998, 6443904)
(6444029, 6443936)
(6444061, 6443968)
(6444095, 6444000)
(6444126, 6444032)
(6444157, 6444064)
(6444190, 6444096)
(6444221, 6444128)
(6444253, 6444160)
(6444285, 6444192)
(6444317, 6444224)
(6444349, 6444256)
(6444381, 6444288)
(6444413, 6444319)
(6444445, 6444352)
(6444477, 6444384)
(6444509, 6444416)
(6444541, 6444447)
(6444573, 6444480)
(6444605, 6444512)
(6444637, 6444543)
(6444669, 6444576)
(6444701, 6444608)
(6444733, 6444640)
(6444765, 6444672)
(6444797, 6444704)
(6444830, 6444736)
(6444861, 6444768)
(6444894, 6444800)
(6444926, 6444832)
(6444957, 6444864)
(6444989, 6444895)
(6445021, 6444928)
(6445054, 6444960)
(6445085, 6444992)
(6445117, 6445024)
(6445149, 6445056)
(6445181, 6445088)
(6445213, 6445120)
(6445245, 6445152)
(6445277, 6445184)
(6445309, 6445216)
(6445341, 6445248)
(6445373, 6445280)
(6445405, 6445312)
(6445437, 6445344)
(6445469, 6445376)
(6445501, 6445408)
(6445533, 6445440)
(6445565, 6445472)
(6445597, 6445504)
(6445629, 6445536)
(6445662, 6445568)
(6445693, 6445600)
(6445725, 6445632)
(6445758, 6445664)
(6445789, 6445696)
(6445821, 6445728)
(6445853, 6445760)
(6445885, 6445792)
(6445917, 6445824)
(6445949, 6445856)
(6445981, 6445888)
(6446013, 6445920)
(6446045, 6445952)
(6446077, 6445984)
(6446109, 6446016)
(6446142, 6446048)
(6446173, 6446080)
(6446205, 6446112)
(6446237, 6446144)
(6446269, 6446176)
(6446301, 6446208)
(6446333, 6446240)
(6446365, 6446271)
(6446397, 6446304)
(6446429, 6446336)
(6446461, 6446368)
(6446493, 6446400)
(6446525, 6446432)
(6446557, 6446464)
(6446589, 6446496)
(6446621, 6446528)
(6446653, 6446560)
(6446685, 6446592)
(6446717, 6446624)
(6446749, 6446656)
(6446782, 6446688)
(6446813, 6446720)
(6446845, 6446751)
(6446877, 6446784)
(6446909, 6446815)
(6446941, 6446848)
(6446973, 6446880)
(6447005, 6446912)
(6447037, 6446944)
(6447069, 6446976)
(6447101, 6447008)
(6447133, 6447040)
(6447165, 6447072)
(6447197, 6447104)
(6447229, 6447136)
(6447261, 6447168)
(6447293, 6447200)
(6447325, 6447232)
(6447357, 6447264)
(6447389, 6447296)
(6447421, 6447328)
(6447453, 6447360)
(6447485, 6447392)
(6447518, 6447424)
(6447549, 6447456)
(6447581, 6447488)
(6447613, 6447520)
(6447646, 6447552)
(6447678, 6447584)
(6447710, 6447616)
(6447742, 6447648)
(6447774, 6447680)
(6447805, 6447712)
(6447837, 6447743)
(6447869, 6447776)
(6447901, 6447808)
(6447933, 6447840)
(6447965, 6447872)
(6447997, 6447904)
(6448029, 6447936)
(6448061, 6447968)
(6448093, 6448000)
(6448125, 6448032)
(6448157, 6448064)
(6448189, 6448096)
(6448221, 6448128)
(6448253, 6448160)
(6448285, 6448192)
(6448317, 6448223)
(6448350, 6448256)
(6448381, 6448288)
(6448413, 6448320)
(6448445, 6448352)
(6448477, 6448384)
(6448509, 6448416)
(6448542, 6448448)
(6448573, 6448480)
(6448605, 6448512)
(6448637, 6448544)
(6448669, 6448576)
(6448701, 6448608)
(6448733, 6448640)
(6448765, 6448672)
(6448797, 6448704)
(6448829, 6448736)
(6448861, 6448768)
(6448893, 6448800)
(6448925, 6448832)
(6448957, 6448864)
(6448989, 6448896)
(6449021, 6448928)
(6449053, 6448960)
(6449085, 6448992)
(6449117, 6449024)
(6449150, 6449056)
(6449181, 6449088)
(6449214, 6449120)
(6449245, 6449152)
(6449278, 6449184)
(6449309, 6449216)
(6449341, 6449248)
(6449373, 6449280)
(6449405, 6449312)
(6449437, 6449344)
(6449469, 6449376)
(6449501, 6449408)
(6449533, 6449440)
(6449565, 6449472)
(6449597, 6449504)
(6449629, 6449536)
(6449661, 6449568)
(6449693, 6449600)
(6449727, 6449632)
(6449757, 6449664)
(6449790, 6449696)
(6449821, 6449728)
(6449853, 6449760)
(6449885, 6449792)
(6449917, 6449824)
(6449949, 6449856)
(6449981, 6449888)
(6450014, 6449920)
(6450045, 6449952)
(6450077, 6449983)
(6450109, 6450016)
(6450141, 6450048)
(6450173, 6450080)
(6450205, 6450112)
(6450238, 6450144)
(6450269, 6450176)
(6450301, 6450207)
(6450333, 6450240)
(6450365, 6450272)
(6450397, 6450304)
(6450430, 6450336)
(6450463, 6450368)
(6450493, 6450400)
(6450525, 6450432)
(6450557, 6450464)
(6450589, 6450496)
(6450621, 6450528)
(6450653, 6450560)
(6450685, 6450592)
(6450717, 6450624)
(6450749, 6450656)
(6450782, 6450688)
(6450813, 6450720)
(6450845, 6450752)
(6450877, 6450784)
(6450909, 6450816)
(6450941, 6450848)
(6450973, 6450880)
(6451005, 6450912)
(6451037, 6450944)
(6451069, 6450976)
(6451101, 6451007)
(6451133, 6451040)
(6451165, 6451072)
(6451198, 6451104)
(6451230, 6451136)
(6451261, 6451168)
(6451293, 6451200)
(6451326, 6451232)
(6451357, 6451264)
(6451389, 6451296)
(6451422, 6451328)
(6451453, 6451360)
(6451485, 6451392)
(6451517, 6451424)
(6451549, 6451456)
(6451583, 6451488)
(6451613, 6451520)
(6451645, 6451552)
(6451677, 6451584)
(6451709, 6451616)
(6451742, 6451648)
(6451773, 6451680)
(6451805, 6451712)
(6451837, 6451744)
(6451869, 6451776)
(6451901, 6451808)
(6451933, 6451840)
(6451965, 6451872)
(6451997, 6451904)
(6452029, 6451936)
(6452061, 6451968)
(6452093, 6452000)
(6452125, 6452032)
(6452157, 6452064)
(6452189, 6452096)
(6452221, 6452128)
(6452253, 6452160)
(6452286, 6452192)
(6452317, 6452224)
(6452351, 6452256)
(6452381, 6452288)
(6452414, 6452320)
(6452445, 6452352)
(6452477, 6452384)
(6452511, 6452416)
(6452541, 6452448)
(6452573, 6452480)
(6452605, 6452512)
(6452637, 6452544)
(6452669, 6452576)
(6452701, 6452608)
(6452735, 6452640)
(6452765, 6452672)
(6452797, 6452704)
(6452829, 6452736)
(6452861, 6452768)
(6452894, 6452800)
(6452925, 6452832)
(6452957, 6452864)
(6452989, 6452896)
(6453021, 6452928)
(6453054, 6452960)
(6453086, 6452992)
(6453118, 6453024)
(6453151, 6453056)
(6453182, 6453088)
(6453213, 6453120)
(6453245, 6453152)
(6453278, 6453184)
(6453309, 6453216)
(6453341, 6453248)
(6453373, 6453280)
(6453405, 6453312)
(6453437, 6453344)
(6453469, 6453376)
(6453501, 6453408)
(6453534, 6453440)
(6453565, 6453472)
(6453597, 6453504)
(6453629, 6453535)
(6453661, 6453568)
(6453693, 6453600)
(6453725, 6453632)
(6453757, 6453664)
(6453789, 6453696)
(6453821, 6453728)
(6453853, 6453760)
(6453885, 6453792)
(6453917, 6453824)
(6453949, 6453856)
(6453981, 6453888)
(6454013, 6453920)
(6454046, 6453951)
(6454077, 6453984)
(6454109, 6454016)
(6454141, 6454048)
(6454173, 6454080)
(6454205, 6454112)
(6454237, 6454144)
(6454269, 6454176)
(6454301, 6454208)
(6454333, 6454240)
(6454365, 6454272)
(6454397, 6454304)
(6454429, 6454336)
(6454461, 6454368)
(6454494, 6454400)
(6454525, 6454432)
(6454557, 6454464)
(6454589, 6454496)
(6454621, 6454528)
(6454653, 6454560)
(6454685, 6454592)
(6454717, 6454624)
(6454749, 6454656)
(6454781, 6454688)
(6454813, 6454720)
(6454845, 6454752)
(6454877, 6454784)
(6454909, 6454816)
(6454941, 6454848)
(6454974, 6454880)
(6455005, 6454912)
(6455037, 6454944)
(6455070, 6454975)
(6455101, 6455007)
(6455133, 6455040)
(6455167, 6455072)
(6455197, 6455104)
(6455229, 6455136)
(6455263, 6455168)
(6455293, 6455200)
(6455325, 6455232)
(6455357, 6455264)
(6455389, 6455296)
(6455421, 6455328)
(6455453, 6455360)
(6455485, 6455392)
(6455517, 6455424)
(6455549, 6455456)
(6455581, 6455488)
(6455613, 6455520)
(6455645, 6455552)
(6455677, 6455584)
(6455709, 6455616)
(6455741, 6455648)
(6455773, 6455680)
(6455805, 6455712)
(6455837, 6455744)
(6455870, 6455776)
(6455901, 6455808)
(6455933, 6455840)
(6455966, 6455872)
(6455997, 6455904)
(6456029, 6455935)
(6456061, 6455968)
(6456093, 6456000)
(6456125, 6456032)
(6456157, 6456064)
(6456189, 6456096)
(6456221, 6456128)
(6456253, 6456160)
(6456285, 6456192)
(6456317, 6456224)
(6456349, 6456256)
(6456381, 6456288)
(6456413, 6456320)
(6456446, 6456352)
(6456478, 6456384)
(6456509, 6456416)
(6456542, 6456448)
(6456574, 6456480)
(6456605, 6456512)
(6456637, 6456544)
(6456669, 6456576)
(6456701, 6456608)
(6456733, 6456640)
(6456765, 6456672)
(6456797, 6456704)
(6456829, 6456736)
(6456861, 6456768)
(6456893, 6456800)
(6456925, 6456832)
(6456957, 6456864)
(6456989, 6456896)
(6457021, 6456928)
(6457053, 6456960)
(6457085, 6456992)
(6457117, 6457024)
(6457149, 6457056)
(6457181, 6457088)
(6457213, 6457120)
(6457245, 6457152)
(6457277, 6457184)
(6457309, 6457216)
(6457341, 6457248)
(6457373, 6457280)
(6457405, 6457312)
(6457437, 6457344)
(6457469, 6457376)
(6457501, 6457408)
(6457533, 6457440)
(6457565, 6457472)
(6457597, 6457504)
(6457629, 6457536)
(6457661, 6457568)
(6457693, 6457600)
(6457725, 6457632)
(6457757, 6457664)
(6457789, 6457696)
(6457821, 6457728)
(6457853, 6457760)
(6457885, 6457792)
(6457917, 6457824)
(6457949, 6457856)
(6457981, 6457888)
(6458013, 6457920)
(6458045, 6457952)
(6458077, 6457984)
(6458109, 6458016)
(6458142, 6458048)
(6458173, 6458080)
(6458206, 6458112)
(6458237, 6458144)
(6458269, 6458176)
(6458302, 6458208)
(6458333, 6458240)
(6458365, 6458271)
(6458397, 6458304)
(6458431, 6458336)
(6458461, 6458368)
(6458495, 6458400)
(6458526, 6458432)
(6458557, 6458464)
(6458590, 6458496)
(6458621, 6458528)
(6458653, 6458560)
(6458686, 6458592)
(6458717, 6458623)
(6458749, 6458656)
(6458781, 6458688)
(6458813, 6458720)
(6458845, 6458752)
(6458877, 6458784)
(6458909, 6458816)
(6458941, 6458848)
(6458973, 6458880)
(6459005, 6458912)
(6459037, 6458944)
(6459069, 6458976)
(6459101, 6459007)
(6459133, 6459039)
(6459165, 6459071)
(6459197, 6459104)
(6459230, 6459136)
(6459262, 6459167)
(6459294, 6459199)
(6459325, 6459232)
(6459357, 6459264)
(6459389, 6459296)
(6459421, 6459328)
(6459453, 6459360)
(6459485, 6459392)
(6459517, 6459424)
(6459549, 6459456)
(6459581, 6459488)
(6459613, 6459520)
(6459646, 6459552)
(6459677, 6459584)
(6459709, 6459616)
(6459743, 6459648)
(6459773, 6459680)
(6459805, 6459712)
(6459837, 6459744)
(6459869, 6459776)
(6459901, 6459808)
(6459933, 6459840)
(6459965, 6459872)
(6459997, 6459903)
(6460029, 6459936)
(6460061, 6459968)
(6460093, 6460000)
(6460127, 6460032)
(6460157, 6460064)
(6460189, 6460096)
(6460221, 6460128)
(6460253, 6460160)
(6460285, 6460192)
(6460317, 6460224)
(6460349, 6460256)
(6460381, 6460288)
(6460413, 6460320)
(6460445, 6460352)
(6460477, 6460384)
(6460510, 6460416)
(6460541, 6460447)
(6460573, 6460480)
(6460605, 6460512)
(6460637, 6460544)
(6460669, 6460576)
(6460702, 6460608)
(6460734, 6460640)
(6460766, 6460672)
(6460797, 6460704)
(6460829, 6460736)
(6460861, 6460768)
(6460893, 6460800)
(6460925, 6460832)
(6460957, 6460864)
(6460989, 6460896)
(6461021, 6460928)
(6461053, 6460960)
(6461085, 6460992)
(6461117, 6461024)
(6461149, 6461056)
(6461182, 6461088)
(6461213, 6461120)
(6461245, 6461151)
(6461277, 6461184)
(6461309, 6461216)
(6461342, 6461248)
(6461373, 6461280)
(6461405, 6461312)
(6461437, 6461344)
(6461469, 6461376)
(6461501, 6461408)
(6461533, 6461440)
(6461565, 6461471)
(6461597, 6461504)
(6461629, 6461536)
(6461661, 6461568)
(6461693, 6461600)
(6461725, 6461632)
(6461757, 6461664)
(6461789, 6461696)
(6461821, 6461728)
(6461853, 6461760)
(6461885, 6461792)
(6461917, 6461824)
(6461949, 6461856)
(6461981, 6461888)
(6462013, 6461920)
(6462045, 6461952)
(6462077, 6461984)
(6462109, 6462016)
(6462142, 6462048)
(6462173, 6462079)
(6462205, 6462112)
(6462237, 6462144)
(6462270, 6462176)
(6462301, 6462208)
(6462333, 6462240)
(6462365, 6462272)
(6462398, 6462303)
(6462429, 6462336)
(6462461, 6462368)
(6462493, 6462400)
(6462525, 6462432)
(6462557, 6462464)
(6462590, 6462496)
(6462621, 6462528)
(6462653, 6462560)
(6462685, 6462592)
(6462717, 6462624)
(6462749, 6462656)
(6462781, 6462688)
(6462813, 6462720)
(6462846, 6462752)
(6462879, 6462784)
(6462909, 6462816)
(6462941, 6462848)
(6462974, 6462880)
(6463005, 6462912)
(6463037, 6462944)
(6463069, 6462976)
(6463101, 6463008)
(6463133, 6463040)
(6463165, 6463072)
(6463197, 6463104)
(6463229, 6463136)
(6463261, 6463168)
(6463293, 6463200)
(6463326, 6463232)
(6463357, 6463264)
(6463391, 6463296)
(6463421, 6463328)
(6463453, 6463360)
(6463485, 6463392)
(6463517, 6463424)
(6463549, 6463456)
(6463581, 6463488)
(6463613, 6463520)
(6463645, 6463552)
(6463677, 6463584)
(6463710, 6463616)
(6463741, 6463648)
(6463773, 6463680)
(6463805, 6463712)
(6463837, 6463744)
(6463869, 6463776)
(6463901, 6463808)
(6463933, 6463840)
(6463965, 6463872)
(6463997, 6463904)
