(6398047, 6397952)
(6398079, 6397984)
(6398111, 6398016)
(6398143, 6398048)
(6398175, 6398080)
(6398207, 6398112)
(6398239, 6398144)
(6398271, 6398176)
(6398303, 6398208)
(6398335, 6398240)
(6398367, 6398272)
(6398399, 6398304)
(6398431, 6398336)
(6398463, 6398368)
(6398495, 6398400)
(6398527, 6398432)
(6398559, 6398464)
(6398593, 6398496)
(6398623, 6398528)
(6398656, 6398560)
(6398687, 6398591)
(6398719, 6398624)
(6398751, 6398656)
(6398783, 6398688)
(6398815, 6398720)
(6398847, 6398752)
(6398879, 6398784)
(6398911, 6398816)
(6398943, 6398848)
(6398976, 6398880)
(6399007, 6398912)
(6399039, 6398944)
(6399071, 6398976)
(6399103, 6399008)
(6399135, 6399040)
(6399167, 6399072)
(6399199, 6399104)
(6399231, 6399136)
(6399263, 6399168)
(6399295, 6399200)
(6399327, 6399232)
(6399359, 6399264)
(6399391, 6399296)
(6399423, 6399328)
(6399455, 6399360)
(6399487, 6399392)
(6399519, 6399424)
(6399551, 6399456)
(6399583, 6399488)
(6399615, 6399520)
(6399647, 6399552)
(6399679, 6399584)
(6399711, 6399616)
(6399743, 6399648)
(6399775, 6399680)
(6399807, 6399712)
(6399839, 6399744)
(6399871, 6399776)
(6399903, 6399808)
(6399935, 6399840)
(6399967, 6399872)
(6399999, 6399904)
(6400031, 6399936)
(6400063, 6399968)
(6400095, 6400000)
(6400127, 6400032)
(6400159, 6400064)
(6400191, 6400096)
(6400223, 6400128)
(6400255, 6400160)
(6400287, 6400192)
(6400319, 6400224)
(6400351, 6400256)
(6400383, 6400288)
(6400415, 6400320)
(6400447, 6400352)
(6400479, 6400384)
(6400511, 6400416)
(6400543, 6400448)
(6400575, 6400480)
(6400607, 6400512)
(6400639, 6400544)
(6400671, 6400576)
(6400703, 6400608)
(6400735, 6400640)
(6400767, 6400672)
(6400799, 6400704)
(6400831, 6400736)
(6400863, 6400768)
(6400895, 6400800)
(6400927, 6400832)
(6400959, 6400864)
(6400991, 6400896)
(6401023, 6400928)
(6401055, 6400960)
(6401087, 6400992)
(6401119, 6401024)
(6401151, 6401056)
(6401183, 6401088)
(6401215, 6401120)
(6401247, 6401152)
(6401279, 6401184)
(6401311, 6401216)
(6401343, 6401248)
(6401375, 6401280)
(6401407, 6401312)
(6401439, 6401344)
(6401471, 6401376)
(6401503, 6401408)
(6401535, 6401440)
(6401568, 6401472)
(6401599, 6401504)
(6401631, 6401536)
(6401664, 6401568)
(6401695, 6401600)
(6401727, 6401632)
(6401760, 6401664)
(6401791, 6401696)
(6401823, 6401728)
(6401856, 6401760)
(6401887, 6401792)
(6401919, 6401824)
(6401951, 6401856)
(6401983, 6401887)
(6402015, 6401920)
(6402047, 6401952)
(6402079, 6401984)
(6402111, 6402016)
(6402143, 6402048)
(6402175, 6402080)
(6402207, 6402112)
(6402239, 6402144)
(6402272, 6402176)
(6402303, 6402208)
(6402335, 6402240)
(6402367, 6402272)
(6402399, 6402304)
(6402431, 6402336)
(6402463, 6402368)
(6402495, 6402400)
(6402527, 6402431)
(6402559, 6402464)
(6402591, 6402496)
(6402623, 6402528)
(6402655, 6402560)
(6402687, 6402592)
(6402719, 6402624)
(6402751, 6402656)
(6402783, 6402688)
(6402815, 6402720)
(6402847, 6402752)
(6402879, 6402784)
(6402911, 6402816)
(6402943, 6402848)
(6402975, 6402880)
(6403007, 6402912)
(6403039, 6402944)
(6403071, 6402976)
(6403103, 6403008)
(6403135, 6403040)
(6403167, 6403072)
(6403199, 6403104)
(6403232, 6403136)
(6403263, 6403168)
(6403295, 6403200)
(6403328, 6403232)
(6403359, 6403264)
(6403391, 6403296)
(6403423, 6403328)
(6403456, 6403360)
(6403487, 6403392)
(6403519, 6403424)
(6403552, 6403456)
(6403583, 6403488)
(6403615, 6403519)
(6403647, 6403552)
(6403679, 6403584)
(6403711, 6403616)
(6403743, 6403648)
(6403775, 6403680)
(6403807, 6403712)
(6403839, 6403744)
(6403871, 6403776)
(6403903, 6403808)
(6403935, 6403840)
(6403967, 6403872)
(6403999, 6403904)
(6404032, 6403936)
(6404063, 6403968)
(6404095, 6404000)
(6404127, 6404032)
(6404159, 6404064)
(6404191, 6404096)
(6404223, 6404128)
(6404255, 6404160)
(6404287, 6404192)
(6404319, 6404224)
(6404351, 6404256)
(6404383, 6404288)
(6404415, 6404320)
(6404447, 6404351)
(6404479, 6404384)
(6404511, 6404416)
(6404543, 6404448)
(6404575, 6404480)
(6404607, 6404512)
(6404639, 6404544)
(6404671, 6404576)
(6404703, 6404608)
(6404735, 6404640)
(6404767, 6404672)
(6404799, 6404704)
(6404831, 6404736)
(6404864, 6404768)
(6404895, 6404800)
(6404927, 6404832)
(6404959, 6404864)
(6404991, 6404896)
(6405023, 6404928)
(6405055, 6404960)
(6405087, 6404992)
(6405119, 6405024)
(6405151, 6405056)
(6405183, 6405088)
(6405215, 6405120)
(6405247, 6405152)
(6405279, 6405184)
(6405311, 6405216)
(6405343, 6405248)
(6405375, 6405280)
(6405407, 6405312)
(6405439, 6405344)
(6405471, 6405376)
(6405503, 6405408)
(6405535, 6405440)
(6405567, 6405472)
(6405599, 6405504)
(6405631, 6405536)
(6405663, 6405568)
(6405695, 6405600)
(6405727, 6405632)
(6405759, 6405664)
(6405791, 6405696)
(6405823, 6405728)
(6405855, 6405760)
(6405887, 6405792)
(6405919, 6405824)
(6405951, 6405856)
(6405983, 6405888)
(6406015, 6405920)
(6406047, 6405952)
(6406079, 6405984)
(6406111, 6406016)
(6406143, 6406048)
(6406175, 6406080)
(6406207, 6406112)
(6406239, 6406144)
(6406271, 6406176)
(6406303, 6406207)
(6406335, 6406240)
(6406368, 6406272)
(6406399, 6406304)
(6406431, 6406336)
(6406463, 6406368)
(6406495, 6406400)
(6406527, 6406432)
(6406559, 6406464)
(6406591, 6406496)
(6406623, 6406528)
(6406655, 6406560)
(6406687, 6406592)
(6406719, 6406624)
(6406751, 6406656)
(6406783, 6406688)
(6406815, 6406720)
(6406847, 6406752)
(6406879, 6406784)
(6406911, 6406816)
(6406943, 6406848)
(6406975, 6406880)
(6407007, 6406912)
(6407039, 6406944)
(6407071, 6406976)
(6407103, 6407008)
(6407135, 6407040)
(6407167, 6407072)
(6407199, 6407104)
(6407231, 6407136)
(6407263, 6407168)
(6407297, 6407200)
(6407328, 6407232)
(6407359, 6407264)
(6407391, 6407295)
(6407423, 6407328)
(6407455, 6407360)
(6407487, 6407392)
(6407519, 6407424)
(6407551, 6407456)
(6407583, 6407488)
(6407615, 6407520)
(6407647, 6407552)
(6407679, 6407584)
(6407711, 6407616)
(6407743, 6407648)
(6407775, 6407680)
(6407807, 6407712)
(6407839, 6407744)
(6407871, 6407776)
(6407903, 6407808)
(6407935, 6407840)
(6407967, 6407872)
(6407999, 6407904)
(6408031, 6407936)
(6408063, 6407968)
(6408095, 6408000)
(6408127, 6408032)
(6408160, 6408064)
(6408191, 6408096)
(6408223, 6408128)
(6408255, 6408160)
(6408287, 6408192)
(6408319, 6408224)
(6408351, 6408256)
(6408384, 6408288)
(6408415, 6408320)
(6408447, 6408352)
(6408479, 6408384)
(6408511, 6408416)
(6408543, 6408448)
(6408575, 6408480)
(6408607, 6408512)
(6408639, 6408544)
(6408671, 6408576)
(6408703, 6408608)
(6408735, 6408640)
(6408768, 6408672)
(6408799, 6408703)
(6408832, 6408736)
(6408863, 6408768)
(6408895, 6408800)
(6408927, 6408832)
(6408959, 6408864)
(6408991, 6408896)
(6409023, 6408928)
(6409055, 6408960)
(6409087, 6408992)
(6409119, 6409024)
(6409151, 6409056)
(6409183, 6409088)
(6409215, 6409120)
(6409247, 6409152)
(6409279, 6409184)
(6409311, 6409216)
(6409343, 6409248)
(6409375, 6409280)
(6409407, 6409312)
(6409439, 6409344)
(6409471, 6409376)
(6409503, 6409408)
(6409535, 6409440)
(6409568, 6409472)
(6409599, 6409504)
(6409631, 6409536)
(6409663, 6409568)
(6409695, 6409600)
(6409727, 6409632)
(6409759, 6409664)
(6409791, 6409696)
(6409823, 6409728)
(6409855, 6409760)
(6409887, 6409792)
(6409919, 6409824)
(6409951, 6409856)
(6409983, 6409888)
(6410015, 6409920)
(6410047, 6409952)
(6410079, 6409984)
(6410111, 6410015)
(6410144, 6410048)
(6410175, 6410080)
(6410207, 6410112)
(6410239, 6410144)
(6410271, 6410176)
(6410303, 6410208)
(6410335, 6410240)
(6410367, 6410272)
(6410399, 6410304)
(6410432, 6410336)
(6410463, 6410368)
(6410495, 6410400)
(6410527, 6410432)
(6410559, 6410464)
(6410591, 6410496)
(6410623, 6410528)
(6410655, 6410560)
(6410687, 6410592)
(6410719, 6410624)
(6410751, 6410656)
(6410783, 6410688)
(6410815, 6410720)
(6410848, 6410752)
(6410879, 6410784)
(6410911, 6410816)
(6410943, 6410848)
(6410975, 6410880)
(6411007, 6410912)
(6411039, 6410944)
(6411071, 6410976)
(6411103, 6411008)
(6411135, 6411040)
(6411167, 6411072)
(6411199, 6411104)
(6411231, 6411135)
(6411263, 6411168)
(6411295, 6411200)
(6411327, 6411232)
(6411359, 6411264)
(6411391, 6411296)
(6411423, 6411328)
(6411455, 6411360)
(6411487, 6411392)
(6411519, 6411424)
(6411551, 6411456)
(6411583, 6411488)
(6411615, 6411520)
(6411648, 6411552)
(6411679, 6411584)
(6411711, 6411616)
(6411743, 6411648)
(6411775, 6411680)
(6411807, 6411712)
(6411839, 6411744)
(6411871, 6411776)
(6411903, 6411808)
(6411935, 6411840)
(6411967, 6411872)
(6411999, 6411904)
(6412031, 6411936)
(6412063, 6411968)
(6412095, 6412000)
(6412127, 6412032)
(6412159, 6412063)
(6412191, 6412096)
(6412223, 6412128)
(6412255, 6412160)
(6412287, 6412192)
(6412319, 6412224)
(6412351, 6412256)
(6412383, 6412288)
(6412415, 6412320)
(6412447, 6412352)
(6412479, 6412384)
(6412511, 6412416)
(6412543, 6412448)
(6412575, 6412480)
(6412607, 6412512)
(6412639, 6412544)
(6412671, 6412576)
(6412703, 6412608)
(6412735, 6412640)
(6412767, 6412672)
(6412799, 6412704)
(6412831, 6412736)
(6412863, 6412768)
(6412895, 6412800)
(6412927, 6412832)
(6412959, 6412864)
(6412991, 6412896)
(6413024, 6412928)
(6413055, 6412960)
(6413087, 6412992)
(6413119, 6413024)
(6413151, 6413056)
(6413183, 6413088)
(6413215, 6413120)
(6413247, 6413152)
(6413279, 6413184)
(6413311, 6413216)
(6413343, 6413248)
(6413375, 6413280)
(6413407, 6413312)
(6413439, 6413344)
(6413471, 6413376)
(6413503, 6413408)
(6413535, 6413439)
(6413567, 6413472)
(6413599, 6413504)
(6413632, 6413536)
(6413663, 6413568)
(6413695, 6413600)
(6413727, 6413632)
(6413759, 6413664)
(6413791, 6413696)
(6413823, 6413728)
(6413855, 6413760)
(6413887, 6413791)
(6413919, 6413824)
(6413951, 6413856)
(6413983, 6413888)
(6414015, 6413920)
(6414047, 6413952)
(6414080, 6413984)
(6414111, 6414016)
(6414143, 6414048)
(6414175, 6414080)
(6414207, 6414112)
(6414239, 6414144)
(6414271, 6414176)
(6414303, 6414208)
(6414335, 6414240)
(6414368, 6414272)
(6414399, 6414304)
(6414431, 6414336)
(6414463, 6414368)
(6414495, 6414400)
(6414527, 6414432)
(6414559, 6414464)
(6414591, 6414496)
(6414624, 6414528)
(6414655, 6414560)
(6414687, 6414592)
(6414719, 6414624)
(6414752, 6414656)
(6414783, 6414688)
(6414815, 6414720)
(6414847, 6414752)
(6414879, 6414784)
(6414911, 6414816)
(6414943, 6414848)
(6414975, 6414880)
(6415007, 6414912)
(6415039, 6414944)
(6415071, 6414975)
(6415103, 6415008)
(6415135, 6415040)
(6415167, 6415072)
(6415199, 6415104)
(6415231, 6415136)
(6415263, 6415168)
(6415295, 6415200)
(6415327, 6415232)
(6415359, 6415264)
(6415391, 6415296)
(6415423, 6415328)
(6415456, 6415360)
(6415487, 6415392)
(6415519, 6415424)
(6415551, 6415456)
(6415583, 6415488)
(6415615, 6415520)
(6415648, 6415551)
(6415679, 6415584)
(6415711, 6415616)
(6415743, 6415648)
(6415775, 6415680)
(6415807, 6415712)
(6415839, 6415744)
(6415871, 6415776)
(6415903, 6415808)
(6415935, 6415840)
(6415967, 6415871)
(6415999, 6415904)
(6416031, 6415936)
(6416063, 6415968)
(6416095, 6416000)
(6416127, 6416032)
(6416159, 6416064)
(6416191, 6416096)
(6416223, 6416128)
(6416255, 6416160)
(6416287, 6416192)
(6416319, 6416223)
(6416351, 6416256)
(6416383, 6416288)
(6416415, 6416320)
(6416447, 6416352)
(6416479, 6416384)
(6416511, 6416416)
(6416543, 6416448)
(6416575, 6416480)
(6416607, 6416512)
(6416640, 6416543)
(6416671, 6416576)
(6416703, 6416608)
(6416736, 6416640)
(6416767, 6416672)
(6416800, 6416704)
(6416831, 6416736)
(6416863, 6416768)
(6416898, 6416800)
(6416927, 6416832)
(6416959, 6416864)
(6416991, 6416894)
(6417023, 6416927)
(6417055, 6416960)
(6417087, 6416992)
(6417119, 6417024)
(6417151, 6417056)
(6417183, 6417088)
(6417215, 6417120)
(6417247, 6417152)
(6417279, 6417184)
(6417311, 6417216)
(6417343, 6417248)
(6417375, 6417280)
(6417407, 6417311)
(6417439, 6417344)
(6417471, 6417376)
(6417503, 6417407)
(6417535, 6417440)
(6417567, 6417472)
(6417599, 6417504)
(6417631, 6417536)
(6417792, 6417632)
(6417855, 6417760)
(6417887, 6417792)
(6417919, 6417824)
(6417951, 6417856)
(6417983, 6417887)
(6418015, 6417920)
(6418047, 6417952)
(6418079, 6417984)
(6418111, 6418016)
(6418143, 6418048)
(6418175, 6418080)
(6418207, 6418112)
(6418239, 6418144)
(6418271, 6418176)
(6418303, 6418208)
(6418335, 6418240)
(6418367, 6418272)
(6418399, 6418304)
(6418431, 6418336)
(6418463, 6418368)
(6418495, 6418400)
(6418527, 6418432)
(6418560, 6418464)
(6418592, 6418496)
(6418623, 6418528)
(6418655, 6418560)
(6418687, 6418592)
(6418719, 6418624)
(6418751, 6418656)
(6418783, 6418688)
(6418815, 6418720)
(6418847, 6418752)
(6418879, 6418784)
(6418911, 6418816)
(6418943, 6418848)
(6418975, 6418880)
(6419007, 6418911)
(6419039, 6418944)
(6419071, 6418976)
(6419103, 6419008)
(6419135, 6419040)
(6419167, 6419072)
(6419199, 6419104)
(6419231, 6419136)
(6419263, 6419168)
(6419295, 6419200)
(6419327, 6419232)
(6419359, 6419264)
(6419391, 6419296)
(6419423, 6419327)
(6419455, 6419360)
(6419487, 6419392)
(6419519, 6419424)
(6419551, 6419456)
(6419583, 6419488)
(6419615, 6419520)
(6419647, 6419552)
(6419679, 6419584)
(6419711, 6419616)
(6419743, 6419648)
(6419775, 6419680)
(6419807, 6419712)
(6419840, 6419744)
(6419871, 6419776)
(6419903, 6419808)
(6419935, 6419840)
(6419967, 6419872)
(6420000, 6419904)
(6420031, 6419936)
(6420063, 6419968)
(6420095, 6420000)
(6420127, 6420032)
(6420159, 6420064)
(6420191, 6420096)
(6420223, 6420128)
(6420255, 6420160)
(6420287, 6420192)
(6420352, 6420256)
(6420383, 6420288)
(6420415, 6420320)
(6420447, 6420352)
(6420479, 6420384)
(6420511, 6420416)
(6420543, 6420447)
(6420575, 6420480)
(6420607, 6420512)
(6420639, 6420544)
(6420671, 6420576)
(6420703, 6420608)
(6420735, 6420640)
(6420767, 6420671)
(6420799, 6420704)
(6420831, 6420735)
(6420863, 6420768)
(6420895, 6420800)
(6420927, 6420832)
(6420959, 6420864)
(6420991, 6420896)
(6421023, 6420928)
(6421056, 6420960)
(6421087, 6420992)
(6421119, 6421024)
(6421151, 6421056)
(6421183, 6421088)
(6421215, 6421120)
(6421247, 6421152)
(6421279, 6421184)
(6421311, 6421216)
(6421343, 6421248)
(6421375, 6421280)
(6421407, 6421312)
(6421440, 6421344)
(6421471, 6421376)
(6421503, 6421408)
(6421535, 6421440)
(6421568, 6421472)
(6421599, 6421503)
(6421631, 6421536)
(6421663, 6421568)
(6421695, 6421600)
(6421727, 6421632)
(6421760, 6421664)
(6421791, 6421696)
(6421823, 6421728)
(6421855, 6421760)
(6421887, 6421792)
(6421919, 6421824)
(6421952, 6421856)
(6421983, 6421888)
(6422015, 6421920)
(6422047, 6421952)
(6422079, 6421984)
(6422111, 6422016)
(6422143, 6422048)
(6422175, 6422080)
(6422207, 6422112)
(6422240, 6422144)
(6422271, 6422176)
(6422303, 6422208)
(6422335, 6422240)
(6422367, 6422272)
(6422400, 6422304)
(6422431, 6422336)
(6422463, 6422368)
(6422495, 6422400)
(6422527, 6422432)
(6422559, 6422464)
(6422591, 6422496)
(6422624, 6422528)
(6422655, 6422560)
(6422687, 6422592)
(6422719, 6422624)
(6422752, 6422656)
(6422783, 6422688)
(6422815, 6422720)
(6422847, 6422752)
(6422879, 6422784)
(6422911, 6422816)
(6422943, 6422848)
(6422976, 6422880)
(6423007, 6422912)
(6423039, 6422944)
(6423071, 6422976)
(6423103, 6423008)
(6423135, 6423040)
(6423167, 6423072)
(6423199, 6423104)
(6423231, 6423136)
(6423263, 6423168)
(6423295, 6423200)
(6423327, 6423232)
(6423359, 6423264)
(6423391, 6423296)
(6423423, 6423328)
(6423455, 6423360)
(6423487, 6423392)
(6423519, 6423424)
(6423551, 6423455)
(6423583, 6423488)
(6423616, 6423520)
(6423647, 6423552)
(6423679, 6423584)
(6423711, 6423616)
(6423743, 6423648)
(6423775, 6423680)
(6423807, 6423712)
(6423839, 6423744)
(6423871, 6423776)
(6423903, 6423808)
(6423935, 6423840)
(6423967, 6423872)
(6424000, 6423904)
(6424416, 6424320)
(6424448, 6424352)
(6424512, 6424416)
(6424544, 6424448)
(6424576, 6424480)
(6424608, 6424512)
(6424672, 6424576)
(6424704, 6424608)
(6424736, 6424640)
(6424768, 6424672)
(6424831, 6424736)
(6424864, 6424768)
(6424895, 6424800)
(6424927, 6424832)
(6424959, 6424864)
(6424991, 6424896)
(6425023, 6424928)
(6425055, 6424960)
(6425087, 6424992)
(6425119, 6425024)
(6425151, 6425056)
(6425183, 6425088)
(6425215, 6425120)
(6425247, 6425152)
(6425279, 6425184)
(6425311, 6425216)
(6425343, 6425248)
(6425375, 6425280)
(6425407, 6425312)
(6425439, 6425344)
(6425471, 6425376)
(6425503, 6425408)
(6425535, 6425440)
(6425567, 6425472)
(6425599, 6425504)
(6425631, 6425536)
(6425663, 6425568)
(6425695, 6425599)
(6425727, 6425632)
(6425759, 6425664)
(6425791, 6425696)
(6425823, 6425728)
(6425855, 6425760)
(6425887, 6425792)
(6425919, 6425824)
(6425951, 6425856)
(6425983, 6425888)
(6426015, 6425920)
(6426047, 6425952)
(6426079, 6425984)
(6426111, 6426016)
(6426143, 6426048)
(6426175, 6426080)
(6426207, 6426112)
(6426240, 6426144)
(6426271, 6426176)
(6426303, 6426208)
(6426335, 6426240)
(6426367, 6426272)
(6426399, 6426304)
(6426431, 6426336)
(6426463, 6426368)
(6426495, 6426400)
(6426527, 6426432)
(6426559, 6426464)
(6426591, 6426496)
(6426623, 6426528)
(6426655, 6426560)
(6426687, 6426592)
(6426719, 6426624)
(6426751, 6426656)
(6426783, 6426688)
(6426815, 6426720)
(6426847, 6426752)
(6426879, 6426784)
(6426912, 6426816)
(6426943, 6426848)
(6426975, 6426880)
(6427007, 6426912)
(6427039, 6426944)
(6427071, 6426976)
(6427103, 6427008)
(6427135, 6427040)
(6427167, 6427072)
(6427199, 6427104)
(6427231, 6427136)
(6427263, 6427168)
(6427295, 6427200)
(6427327, 6427232)
(6427359, 6427264)
(6427391, 6427296)
(6427424, 6427328)
(6427456, 6427360)
(6427487, 6427392)
(6427519, 6427424)
(6427552, 6427456)
(6427583, 6427488)
(6427615, 6427520)
(6427647, 6427552)
(6427680, 6427584)
(6427711, 6427616)
(6427743, 6427648)
(6427776, 6427680)
(6427808, 6427712)
(6427839, 6427744)
(6427871, 6427776)
(6427904, 6427808)
(6427935, 6427840)
(6427967, 6427872)
(6427999, 6427904)
(6428031, 6427936)
(6428063, 6427968)
(6428096, 6428000)
(6428127, 6428032)
(6428159, 6428064)
(6428192, 6428096)
(6428223, 6428128)
(6428255, 6428160)
(6428288, 6428192)
(6428320, 6428224)
(6428351, 6428256)
(6428383, 6428288)
(6428415, 6428320)
(6428447, 6428352)
(6428479, 6428384)
(6428511, 6428416)
(6428543, 6428448)
(6428575, 6428480)
(6428607, 6428512)
(6428639, 6428544)
(6428671, 6428576)
(6428703, 6428608)
(6428735, 6428640)
(6428767, 6428672)
(6428799, 6428704)
(6428831, 6428736)
(6428863, 6428768)
(6428895, 6428800)
(6428927, 6428832)
(6428960, 6428864)
(6428991, 6428896)
(6429023, 6428928)
(6429056, 6428960)
(6429087, 6428992)
(6429119, 6429024)
(6429151, 6429056)
(6429183, 6429088)
(6429215, 6429120)
(6429247, 6429152)
(6429279, 6429184)
(6429311, 6429216)
(6429343, 6429248)
(6429375, 6429280)
(6429407, 6429312)
(6429439, 6429344)
(6429471, 6429376)
(6429503, 6429408)
(6429535, 6429440)
(6429567, 6429472)
(6429599, 6429504)
(6429631, 6429536)
(6429663, 6429568)
(6429695, 6429600)
(6429727, 6429632)
(6429759, 6429664)
(6429791, 6429696)
(6429823, 6429728)
(6429855, 6429760)
(6429887, 6429792)
(6429919, 6429824)
(6429951, 6429856)
(6429983, 6429888)
(6430015, 6429920)
(6430047, 6429952)
(6430079, 6429984)
(6430111, 6430016)
(6430144, 6430048)
(6430175, 6430080)
(6430208, 6430112)
(6430240, 6430144)
(6430271, 6430175)
(6430303, 6430208)
(6430336, 6430240)
(6430367, 6430272)
(6430399, 6430304)
(6430431, 6430336)
(6430464, 6430368)
(6430495, 6430400)
(6430527, 6430432)
(6430559, 6430464)
(6430591, 6430496)
(6430623, 6430528)
(6430656, 6430560)
(6430687, 6430592)
(6430719, 6430624)
(6430751, 6430656)
(6430783, 6430688)
(6430815, 6430720)
(6430848, 6430752)
(6430879, 6430784)
(6430911, 6430816)
(6430943, 6430848)
(6430975, 6430880)
(6431007, 6430912)
(6431040, 6430944)
(6431071, 6430976)
(6431103, 6431008)
(6431135, 6431040)
(6431167, 6431072)
(6431199, 6431104)
(6431231, 6431136)
(6431263, 6431168)
(6431295, 6431200)
(6431327, 6431232)
(6431359, 6431264)
(6431391, 6431296)
(6431423, 6431328)
(6431455, 6431360)
(6431487, 6431392)
(6431519, 6431424)
(6431552, 6431456)
(6431583, 6431488)
(6431615, 6431520)
(6431647, 6431552)
(6431679, 6431584)
(6431711, 6431616)
(6431744, 6431648)
(6431775, 6431680)
(6431807, 6431712)
(6431839, 6431744)
(6431871, 6431776)
(6431903, 6431808)
(6431935, 6431840)
(6431967, 6431872)
(6431999, 6431904)
(6432031, 6431936)
(6432063, 6431968)
(6432095, 6432000)
(6432127, 6432032)
(6432159, 6432064)
(6432191, 6432096)
(6432223, 6432128)
(6432255, 6432160)
(6432287, 6432192)
(6432319, 6432224)
(6432351, 6432256)
(6432383, 6432288)
(6432415, 6432320)
(6432447, 6432352)
(6432479, 6432384)
(6432511, 6432416)
(6432543, 6432448)
(6432577, 6432480)
(6432607, 6432511)
(6432639, 6432544)
(6432671, 6432575)
(6432703, 6432608)
(6432735, 6432640)
(6432767, 6432672)
(6432799, 6432704)
(6432831, 6432736)
(6432863, 6432768)
(6432895, 6432800)
(6432927, 6432832)
(6432959, 6432864)
(6432991, 6432896)
(6433023, 6432928)
(6433055, 6432960)
(6433087, 6432991)
(6433120, 6433024)
(6433151, 6433056)
(6433183, 6433088)
(6433216, 6433120)
(6433248, 6433152)
(6433279, 6433184)
(6433311, 6433216)
(6433343, 6433248)
(6433375, 6433280)
(6433407, 6433312)
(6433439, 6433344)
(6433471, 6433376)
(6433503, 6433408)
(6433536, 6433440)
(6433567, 6433472)
(6433599, 6433504)
(6433631, 6433536)
(6433663, 6433568)
(6433695, 6433600)
(6433727, 6433632)
(6433759, 6433664)
(6433791, 6433696)
(6433823, 6433728)
(6433855, 6433760)
(6433887, 6433792)
(6433919, 6433824)
(6433952, 6433856)
(6433983, 6433888)
(6434015, 6433920)
(6434047, 6433952)
(6434079, 6433984)
(6434112, 6434016)
(6434143, 6434048)
(6434175, 6434080)
(6434207, 6434112)
(6434239, 6434144)
(6434271, 6434176)
(6434304, 6434207)
(6434335, 6434240)
(6434367, 6434272)
(6434399, 6434304)
(6434431, 6434336)
(6434464, 6434368)
(6434496, 6434400)
(6434527, 6434432)
(6434559, 6434464)
(6434592, 6434496)
(6434623, 6434528)
(6434655, 6434560)
(6434687, 6434592)
(6434719, 6434624)
(6434751, 6434656)
(6434783, 6434688)
(6434815, 6434720)
(6434847, 6434752)
(6434879, 6434784)
(6434911, 6434816)
(6434943, 6434848)
(6434975, 6434880)
(6435007, 6434912)
(6435039, 6434944)
(6435071, 6434976)
(6435103, 6435008)
(6435135, 6435040)
(6435167, 6435072)
(6435199, 6435104)
(6435231, 6435136)
(6435263, 6435168)
(6435295, 6435200)
(6435327, 6435232)
(6435359, 6435264)
(6435391, 6435296)
(6435423, 6435328)
(6435455, 6435360)
(6435487, 6435392)
(6435519, 6435424)
(6435551, 6435456)
(6435583, 6435488)
(6435615, 6435520)
(6435647, 6435552)
(6435679, 6435584)
(6435711, 6435616)
(6435743, 6435648)
(6435776, 6435680)
(6435807, 6435712)
(6435839, 6435744)
(6435871, 6435776)
(6435903, 6435808)
(6435935, 6435840)
(6435967, 6435872)
(6435999, 6435904)
(6436031, 6435936)
(6436063, 6435968)
(6436095, 6436000)
(6436127, 6436032)
(6436159, 6436063)
(6436191, 6436096)
(6436223, 6436128)
(6436255, 6436160)
(6436287, 6436192)
(6436319, 6436224)
(6436351, 6436256)
(6436383, 6436288)
(6436415, 6436320)
(6436447, 6436352)
(6436479, 6436384)
(6436511, 6436416)
(6436543, 6436448)
(6436582, 6436480)
(6436607, 6436512)
(6436639, 6436544)
(6436671, 6436576)
(6436703, 6436608)
(6436735, 6436640)
(6436767, 6436672)
(6436799, 6436704)
(6436831, 6436736)
(6436863, 6436768)
(6436895, 6436800)
(6436927, 6436832)
(6436959, 6436864)
(6436991, 6436896)
(6437023, 6436928)
(6437055, 6436960)
(6437087, 6436992)
(6437119, 6437024)
(6437151, 6437056)
(6437183, 6437088)
(6437215, 6437120)
(6437247, 6437152)
(6437279, 6437184)
(6437311, 6437216)
(6437343, 6437248)
(6437375, 6437280)
(6437407, 6437312)
(6437439, 6437344)
(6437471, 6437376)
(6437503, 6437408)
(6437535, 6437440)
(6437567, 6437472)
(6437599, 6437504)
(6437631, 6437536)
(6437663, 6437567)
(6437696, 6437600)
(6437727, 6437632)
(6437759, 6437664)
(6437791, 6437696)
(6437824, 6437728)
(6437856, 6437760)
(6437887, 6437792)
(6437919, 6437824)
(6437951, 6437856)
(6437983, 6437888)
(6438016, 6437920)
(6438047, 6437952)
(6438080, 6437984)
(6438111, 6438016)
(6438144, 6438048)
(6438175, 6438080)
(6438207, 6438112)
(6438239, 6438144)
(6438271, 6438176)
(6438303, 6438208)
(6438335, 6438240)
(6438367, 6438272)
(6438399, 6438304)
(6438431, 6438335)
(6438463, 6438368)
(6438495, 6438400)
(6438527, 6438432)
(6438559, 6438464)
(6438591, 6438496)
(6438623, 6438527)
(6438655, 6438560)
(6438687, 6438592)
(6438719, 6438624)
(6438751, 6438656)
(6438783, 6438688)
(6438815, 6438720)
(6438847, 6438752)
(6438879, 6438784)
(6438911, 6438816)
(6438943, 6438848)
(6438975, 6438880)
(6439007, 6438912)
(6439039, 6438944)
(6439071, 6438976)
(6439103, 6439008)
(6439135, 6439040)
(6439167, 6439072)
(6439199, 6439104)
(6439231, 6439136)
(6439263, 6439168)
(6439295, 6439199)
(6439327, 6439232)
(6439359, 6439264)
(6439391, 6439296)
(6439423, 6439328)
(6439455, 6439360)
(6439487, 6439392)
(6439519, 6439424)
(6439551, 6439456)
(6439583, 6439488)
(6439615, 6439520)
(6439647, 6439552)
(6439679, 6439584)
(6439711, 6439616)
(6439743, 6439648)
(6439775, 6439680)
(6439807, 6439712)
(6439839, 6439744)
(6439871, 6439776)
(6439903, 6439808)
(6439935, 6439840)
(6439967, 6439872)
(6439999, 6439904)
(6440031, 6439936)
(6440063, 6439968)
(6440095, 6440000)
(6440127, 6440032)
(6440159, 6440063)
(6440191, 6440096)
(6440223, 6440128)
(6440255, 6440160)
(6440288, 6440192)
(6440319, 6440224)
(6440351, 6440256)
(6440383, 6440288)
(6440415, 6440320)
(6440447, 6440352)
(6440479, 6440384)
(6440511, 6440416)
(6440543, 6440448)
(6440575, 6440480)
(6440608, 6440512)
(6440640, 6440544)
(6440672, 6440576)
(6440704, 6440608)
(6440735, 6440640)
(6440767, 6440672)
(6440800, 6440704)
(6440831, 6440736)
(6440863, 6440768)
(6440895, 6440800)
(6440927, 6440832)
(6440959, 6440864)
(6440991, 6440896)
(6441023, 6440928)
(6441055, 6440960)
(6441087, 6440992)
(6441119, 6441024)
(6441151, 6441056)
(6441183, 6441088)
(6441215, 6441120)
(6441247, 6441152)
(6441279, 6441184)
(6441311, 6441216)
(6441343, 6441248)
(6441375, 6441280)
(6441407, 6441311)
(6441439, 6441344)
(6441471, 6441376)
(6441503, 6441408)
(6441535, 6441440)
(6441567, 6441472)
(6441599, 6441504)
(6441631, 6441536)
(6441663, 6441568)
(6441695, 6441600)
(6441727, 6441632)
(6441759, 6441664)
(6441791, 6441696)
(6441823, 6441728)
(6441855, 6441760)
(6441887, 6441792)
(6441919, 6441824)
(6441951, 6441856)
(6441983, 6441888)
(6442015, 6441920)
(6442047, 6441951)
(6442079, 6441984)
(6442111, 6442016)
(6442143, 6442048)
(6442175, 6442080)
(6442207, 6442112)
(6442239, 6442144)
(6442271, 6442176)
(6442303, 6442208)
(6442335, 6442240)
(6442367, 6442272)
(6442400, 6442303)
(6442431, 6442335)
(6442463, 6442368)
(6442496, 6442400)
(6442527, 6442432)
(6442559, 6442464)
(6442591, 6442496)
(6442624, 6442528)
(6442655, 6442560)
(6442687, 6442592)
(6442719, 6442624)
(6442751, 6442656)
(6442783, 6442688)
(6442815, 6442720)
(6442847, 6442752)
(6442879, 6442784)
(6442912, 6442816)
(6442943, 6442848)
(6442975, 6442880)
(6443007, 6442912)
(6443039, 6442944)
(6443071, 6442976)
(6443103, 6443008)
(6443135, 6443040)
(6443167, 6443072)
(6443199, 6443104)
(6443231, 6443136)
(6443263, 6443168)
(6443295, 6443200)
(6443327, 6443232)
(6443359, 6443264)
(6443391, 6443296)
(6443423, 6443328)
(6443455, 6443360)
(6443487, 6443392)
(6443519, 6443424)
(6443551, 6443456)
(6443583, 6443488)
(6443615, 6443520)
(6443647, 6443552)
(6443679, 6443584)
(6443711, 6443616)
(6443743, 6443648)
(6443775, 6443680)
(6443807, 6443712)
(6443839, 6443744)
(6443871, 6443776)
(6443903, 6443808)
(6443935, 6443840)
(6443967, 6443872)
(6443999, 6443904)
(6444031, 6443936)
(6444063, 6443968)
(6444096, 6444000)
(6444127, 6444032)
(6444159, 6444064)
(6444192, 6444096)
(6444223, 6444128)
(6444255, 6444160)
(6444287, 6444192)
(6444319, 6444224)
(6444351, 6444256)
(6444383, 6444288)
(6444415, 6444319)
(6444447, 6444352)
(6444479, 6444384)
(6444511, 6444416)
(6444543, 6444447)
(6444575, 6444480)
(6444607, 6444512)
(6444639, 6444543)
(6444671, 6444576)
(6444703, 6444608)
(6444735, 6444640)
(6444767, 6444672)
(6444799, 6444704)
(6444831, 6444736)
(6444863, 6444768)
(6444895, 6444800)
(6444927, 6444832)
(6444959, 6444864)
(6444991, 6444895)
(6445023, 6444928)
(6445055, 6444960)
(6445087, 6444992)
(6445119, 6445024)
(6445151, 6445056)
(6445183, 6445088)
(6445215, 6445120)
(6445247, 6445152)
(6445279, 6445184)
(6445311, 6445216)
(6445343, 6445248)
(6445375, 6445280)
(6445407, 6445312)
(6445439, 6445344)
(6445471, 6445376)
(6445503, 6445408)
(6445535, 6445440)
(6445567, 6445472)
(6445599, 6445504)
(6445632, 6445536)
(6445663, 6445568)
(6445695, 6445600)
(6445727, 6445632)
(6445759, 6445664)
(6445791, 6445696)
(6445823, 6445728)
(6445855, 6445760)
(6445887, 6445792)
(6445919, 6445824)
(6445951, 6445856)
(6445983, 6445888)
(6446015, 6445920)
(6446047, 6445952)
(6446079, 6445984)
(6446111, 6446016)
(6446144, 6446048)
(6446175, 6446080)
(6446207, 6446112)
(6446239, 6446144)
(6446271, 6446176)
(6446303, 6446208)
(6446335, 6446240)
(6446367, 6446271)
(6446399, 6446304)
(6446431, 6446336)
(6446463, 6446368)
(6446495, 6446400)
(6446527, 6446432)
(6446559, 6446464)
(6446591, 6446496)
(6446624, 6446528)
(6446655, 6446560)
(6446687, 6446592)
(6446719, 6446624)
(6446751, 6446656)
(6446783, 6446688)
(6446815, 6446720)
(6446847, 6446751)
(6446879, 6446784)
(6446911, 6446815)
(6446943, 6446848)
(6446975, 6446880)
(6447007, 6446912)
(6447039, 6446944)
(6447071, 6446976)
(6447103, 6447008)
(6447135, 6447040)
(6447167, 6447072)
(6447199, 6447104)
(6447231, 6447136)
(6447263, 6447168)
(6447295, 6447200)
(6447327, 6447232)
(6447359, 6447264)
(6447391, 6447296)
(6447423, 6447328)
(6447455, 6447360)
(6447487, 6447392)
(6447519, 6447424)
(6447551, 6447456)
(6447583, 6447488)
(6447615, 6447520)
(6447647, 6447552)
(6447679, 6447584)
(6447712, 6447616)
(6447743, 6447648)
(6447775, 6447680)
(6447807, 6447712)
(6447839, 6447743)
(6447871, 6447776)
(6447903, 6447808)
(6447935, 6447840)
(6447967, 6447872)
(6447999, 6447904)
(6448031, 6447936)
(6448063, 6447968)
(6448095, 6448000)
(6448127, 6448032)
(6448159, 6448064)
(6448191, 6448096)
(6448223, 6448128)
(6448255, 6448160)
(6448287, 6448192)
(6448319, 6448223)
(6448351, 6448256)
(6448383, 6448288)
(6448415, 6448320)
(6448447, 6448352)
(6448479, 6448384)
(6448511, 6448416)
(6448544, 6448448)
(6448575, 6448480)
(6448607, 6448512)
(6448639, 6448544)
(6448671, 6448576)
(6448703, 6448608)
(6448735, 6448640)
(6448767, 6448672)
(6448799, 6448704)
(6448831, 6448736)
(6448863, 6448768)
(6448895, 6448800)
(6448927, 6448832)
(6448959, 6448864)
(6448991, 6448896)
(6449023, 6448928)
(6449055, 6448960)
(6449087, 6448992)
(6449119, 6449024)
(6449152, 6449056)
(6449183, 6449088)
(6449215, 6449120)
(6449247, 6449152)
(6449280, 6449184)
(6449311, 6449216)
(6449343, 6449248)
(6449375, 6449280)
(6449407, 6449312)
(6449439, 6449344)
(6449471, 6449376)
(6449503, 6449408)
(6449535, 6449440)
(6449567, 6449472)
(6449599, 6449504)
(6449631, 6449536)
(6449663, 6449568)
(6449695, 6449600)
(6449728, 6449632)
(6449759, 6449664)
(6449791, 6449696)
(6449823, 6449728)
(6449855, 6449760)
(6449887, 6449792)
(6449919, 6449824)
(6449951, 6449856)
(6449983, 6449888)
(6450015, 6449920)
(6450047, 6449952)
(6450079, 6449983)
(6450111, 6450016)
(6450143, 6450048)
(6450175, 6450080)
(6450207, 6450112)
(6450239, 6450144)
(6450271, 6450176)
(6450303, 6450207)
(6450335, 6450240)
(6450367, 6450272)
(6450399, 6450304)
(6450431, 6450336)
(6450464, 6450368)
(6450495, 6450400)
(6450527, 6450432)
(6450559, 6450464)
(6450591, 6450496)
(6450623, 6450528)
(6450655, 6450560)
(6450687, 6450592)
(6450719, 6450624)
(6450752, 6450656)
(6450783, 6450688)
(6450815, 6450720)
(6450847, 6450752)
(6450879, 6450784)
(6450911, 6450816)
(6450943, 6450848)
(6450975, 6450880)
(6451007, 6450912)
(6451039, 6450944)
(6451071, 6450976)
(6451103, 6451007)
(6451135, 6451040)
(6451167, 6451072)
(6451199, 6451104)
(6451232, 6451136)
(6451263, 6451168)
(6451295, 6451200)
(6451328, 6451232)
(6451359, 6451264)
(6451391, 6451296)
(6451423, 6451328)
(6451455, 6451360)
(6451487, 6451392)
(6451519, 6451424)
(6451551, 6451456)
(6451615, 6451520)
(6451647, 6451552)
(6451679, 6451584)
(6451711, 6451616)
(6451744, 6451648)
(6451775, 6451680)
(6451807, 6451712)
(6451839, 6451744)
(6451871, 6451776)
(6451903, 6451808)
(6451935, 6451840)
(6451967, 6451872)
(6451999, 6451904)
(6452031, 6451936)
(6452063, 6451968)
(6452095, 6452000)
(6452127, 6452032)
(6452159, 6452064)
(6452191, 6452096)
(6452223, 6452128)
(6452255, 6452160)
(6452287, 6452192)
(6452319, 6452224)
(6452352, 6452256)
(6452383, 6452288)
(6452415, 6452320)
(6452447, 6452352)
(6452479, 6452384)
(6452512, 6452416)
(6452543, 6452448)
(6452575, 6452480)
(6452607, 6452512)
(6452639, 6452544)
(6452671, 6452576)
(6452703, 6452608)
(6452736, 6452640)
(6452767, 6452672)
(6452799, 6452704)
(6452831, 6452736)
(6452863, 6452768)
(6452895, 6452800)
(6452927, 6452832)
(6452959, 6452864)
(6452991, 6452896)
(6453023, 6452928)
(6453055, 6452960)
(6453087, 6452992)
(6453120, 6453024)
(6453152, 6453056)
(6453183, 6453088)
(6453215, 6453120)
(6453247, 6453152)
(6453280, 6453184)
(6453311, 6453216)
(6453343, 6453248)
(6453375, 6453280)
(6453407, 6453312)
(6453439, 6453344)
(6453471, 6453376)
(6453503, 6453408)
(6453535, 6453440)
(6453567, 6453472)
(6453599, 6453504)
(6453631, 6453535)
(6453663, 6453568)
(6453695, 6453600)
(6453727, 6453632)
(6453759, 6453664)
(6453791, 6453696)
(6453823, 6453728)
(6453855, 6453760)
(6453887, 6453792)
(6453919, 6453824)
(6453951, 6453856)
(6453983, 6453888)
(6454015, 6453920)
(6454047, 6453951)
(6454079, 6453984)
(6454111, 6454016)
(6454143, 6454048)
(6454175, 6454080)
(6454207, 6454112)
(6454239, 6454144)
(6454271, 6454176)
(6454303, 6454208)
(6454335, 6454240)
(6454367, 6454272)
(6454399, 6454304)
(6454431, 6454336)
(6454463, 6454368)
(6454495, 6454400)
(6454527, 6454432)
(6454559, 6454464)
(6454591, 6454496)
(6454623, 6454528)
(6454655, 6454560)
(6454687, 6454592)
(6454719, 6454624)
(6454751, 6454656)
(6454783, 6454688)
(6454815, 6454720)
(6454847, 6454752)
(6454879, 6454784)
(6454911, 6454816)
(6454943, 6454848)
(6454975, 6454880)
(6455007, 6454912)
(6455039, 6454944)
(6455071, 6454975)
(6455103, 6455007)
(6455136, 6455040)
(6455168, 6455072)
(6455199, 6455104)
(6455231, 6455136)
(6455263, 6455168)
(6455295, 6455200)
(6455327, 6455232)
(6455359, 6455264)
(6455391, 6455296)
(6455423, 6455328)
(6455455, 6455360)
(6455487, 6455392)
(6455519, 6455424)
(6455551, 6455456)
(6455583, 6455488)
(6455615, 6455520)
(6455647, 6455552)
(6455679, 6455584)
(6455711, 6455616)
(6455743, 6455648)
(6455775, 6455680)
(6455807, 6455712)
(6455839, 6455744)
(6455871, 6455776)
(6455903, 6455808)
(6455935, 6455840)
(6455967, 6455872)
(6455999, 6455904)
(6456031, 6455935)
(6456063, 6455968)
(6456095, 6456000)
(6456127, 6456032)
(6456159, 6456064)
(6456191, 6456096)
(6456223, 6456128)
(6456255, 6456160)
(6456287, 6456192)
(6456319, 6456224)
(6456351, 6456256)
(6456383, 6456288)
(6456415, 6456320)
(6456447, 6456352)
(6456479, 6456384)
(6456511, 6456416)
(6456544, 6456448)
(6456575, 6456480)
(6456607, 6456512)
(6456639, 6456544)
(6456671, 6456576)
(6456703, 6456608)
(6456735, 6456640)
(6456767, 6456672)
(6456799, 6456704)
(6456831, 6456736)
(6456863, 6456768)
(6456895, 6456800)
(6456927, 6456832)
(6456959, 6456864)
(6456991, 6456896)
(6457023, 6456928)
(6457055, 6456960)
(6457087, 6456992)
(6457119, 6457024)
(6457151, 6457056)
(6457183, 6457088)
(6457215, 6457120)
(6457247, 6457152)
(6457279, 6457184)
(6457311, 6457216)
(6457343, 6457248)
(6457375, 6457280)
(6457407, 6457312)
(6457439, 6457344)
(6457471, 6457376)
(6457503, 6457408)
(6457535, 6457440)
(6457567, 6457472)
(6457599, 6457504)
(6457631, 6457536)
(6457663, 6457568)
(6457695, 6457600)
(6457727, 6457632)
(6457759, 6457664)
(6457791, 6457696)
(6457823, 6457728)
(6457855, 6457760)
(6457887, 6457792)
(6457919, 6457824)
(6457951, 6457856)
(6457983, 6457888)
(6458015, 6457920)
(6458047, 6457952)
(6458079, 6457984)
(6458111, 6458016)
(6458143, 6458048)
(6458175, 6458080)
(6458207, 6458112)
(6458239, 6458144)
(6458271, 6458176)
(6458303, 6458208)
(6458335, 6458240)
(6458367, 6458271)
(6458399, 6458304)
(6458432, 6458336)
(6458463, 6458368)
(6458495, 6458400)
(6458528, 6458432)
(6458559, 6458464)
(6458591, 6458496)
(6458623, 6458528)
(6458655, 6458560)
(6458687, 6458592)
(6458719, 6458623)
(6458751, 6458656)
(6458783, 6458688)
(6458815, 6458720)
(6458847, 6458752)
(6458879, 6458784)
(6458911, 6458816)
(6458943, 6458848)
(6458975, 6458880)
(6459007, 6458912)
(6459039, 6458944)
(6459071, 6458976)
(6459103, 6459007)
(6459135, 6459039)
(6459167, 6459071)
(6459199, 6459104)
(6459231, 6459136)
(6459264, 6459167)
(6459296, 6459199)
(6459327, 6459232)
(6459359, 6459264)
(6459391, 6459296)
(6459423, 6459328)
(6459455, 6459360)
(6459487, 6459392)
(6459519, 6459424)
(6459551, 6459456)
(6459583, 6459488)
(6459615, 6459520)
(6459647, 6459552)
(6459679, 6459584)
(6459711, 6459616)
(6459743, 6459648)
(6459775, 6459680)
(6459807, 6459712)
(6459839, 6459744)
(6459871, 6459776)
(6459903, 6459808)
(6459935, 6459840)
(6459967, 6459872)
(6459999, 6459903)
(6460031, 6459936)
(6460063, 6459968)
(6460095, 6460000)
(6460127, 6460032)
(6460159, 6460064)
(6460191, 6460096)
(6460223, 6460128)
(6460255, 6460160)
(6460287, 6460192)
(6460319, 6460224)
(6460351, 6460256)
(6460383, 6460288)
(6460415, 6460320)
(6460447, 6460352)
(6460479, 6460384)
(6460511, 6460416)
(6460543, 6460447)
(6460575, 6460480)
(6460607, 6460512)
(6460639, 6460544)
(6460671, 6460576)
(6460703, 6460608)
(6460735, 6460640)
(6460767, 6460672)
(6460799, 6460704)
(6460831, 6460736)
(6460863, 6460768)
(6460896, 6460800)
(6460927, 6460832)
(6460959, 6460864)
(6460991, 6460896)
(6461023, 6460928)
(6461055, 6460960)
(6461087, 6460992)
(6461119, 6461024)
(6461151, 6461056)
(6461183, 6461088)
(6461215, 6461120)
(6461247, 6461151)
(6461279, 6461184)
(6461311, 6461216)
(6461344, 6461248)
(6461375, 6461280)
(6461407, 6461312)
(6461439, 6461344)
(6461471, 6461376)
(6461503, 6461408)
(6461535, 6461440)
(6461567, 6461471)
(6461599, 6461504)
(6461631, 6461536)
(6461663, 6461568)
(6461695, 6461600)
(6461727, 6461632)
(6461759, 6461664)
(6461791, 6461696)
(6461823, 6461728)
(6461855, 6461760)
(6461887, 6461792)
(6461919, 6461824)
(6461951, 6461856)
(6461983, 6461888)
(6462015, 6461920)
(6462047, 6461952)
(6462079, 6461984)
(6462111, 6462016)
(6462143, 6462048)
(6462175, 6462079)
(6462207, 6462112)
(6462240, 6462144)
(6462271, 6462176)
(6462303, 6462208)
(6462335, 6462240)
(6462368, 6462272)
(6462400, 6462303)
(6462431, 6462336)
(6462463, 6462368)
(6462495, 6462400)
(6462527, 6462432)
(6462559, 6462464)
(6462592, 6462496)
(6462623, 6462528)
(6462655, 6462560)
(6462687, 6462592)
(6462719, 6462624)
(6462751, 6462656)
(6462783, 6462688)
(6462815, 6462720)
(6462848, 6462752)
(6462880, 6462784)
(6462911, 6462816)
(6462943, 6462848)
(6462975, 6462880)
(6463007, 6462912)
(6463039, 6462944)
(6463071, 6462976)
(6463103, 6463008)
(6463135, 6463040)
(6463167, 6463072)
(6463199, 6463104)
(6463231, 6463136)
(6463263, 6463168)
(6463295, 6463200)
(6463327, 6463232)
(6463360, 6463264)
(6463392, 6463296)
(6463423, 6463328)
(6463455, 6463360)
(6463487, 6463392)
(6463519, 6463424)
(6463551, 6463456)
(6463583, 6463488)
(6463615, 6463520)
(6463647, 6463552)
(6463679, 6463584)
(6463712, 6463616)
(6463743, 6463648)
(6463775, 6463680)
(6463807, 6463712)
(6463839, 6463744)
(6463871, 6463776)
(6463903, 6463808)
(6463935, 6463840)
(6463967, 6463872)
(6463999, 6463904)
