(0, 0)
(18208, 18112)
(18240, 18143)
(18272, 18176)
(18432, 18336)
(18560, 18464)
(18720, 18624)
(19136, 19040)
(19232, 19136)
(19296, 19200)
(19360, 19264)
(19392, 19296)
(19424, 19328)
(19456, 19360)
(19488, 19392)
(19520, 19424)
(19712, 19616)
(19808, 19712)
(20192, 20095)
(20256, 20160)
(20320, 20224)
(20352, 20256)
(20480, 20383)
(20512, 20416)
(20576, 20480)
(20672, 20576)
(20768, 20672)
(20864, 20768)
(20928, 20832)
(20992, 20896)
(21056, 20960)
(21152, 21056)
(21504, 21408)
(21664, 21568)
(21696, 21599)
(21728, 21632)
(21792, 21696)
(21824, 21728)
(21888, 21792)
(21920, 21824)
(21952, 21856)
(21984, 21888)
(22016, 21920)
(22048, 21952)
(22080, 21984)
(22144, 22048)
(22176, 22080)
(22240, 22144)
(22272, 22176)
(22304, 22208)
(22336, 22240)
(22368, 22272)
(22400, 22304)
(22560, 22464)
(22592, 22495)
(22688, 22592)
(22784, 22688)
(22816, 22719)
(22848, 22752)
(23072, 22976)
(23232, 23136)
(23264, 23168)
(23296, 23200)
(23328, 23232)
(23424, 23328)
(23488, 23392)
(23520, 23424)
(23584, 23488)
(23616, 23520)
(23776, 23680)
(23808, 23711)
(23840, 23744)
(23872, 23776)
(24000, 23903)
(24032, 23935)
(24128, 24032)
(24160, 24063)
(24192, 24096)
(24224, 24128)
(24256, 24160)
(24288, 24192)
(24320, 24224)
(24352, 24256)
(24384, 24288)
(24416, 24320)
(24448, 24352)
(24480, 24384)
(24512, 24416)
(24544, 24448)
(24576, 24480)
(24608, 24512)
(24640, 24544)
(24672, 24576)
(24704, 24608)
(24736, 24640)
(24768, 24672)
(24800, 24704)
(24832, 24736)
(24864, 24768)
(24896, 24800)
(24928, 24832)
(24960, 24864)
(24992, 24896)
(25056, 24960)
(25088, 24992)
(25152, 25056)
(25184, 25088)
(25280, 25184)
(25312, 25216)
(25376, 25280)
(25408, 25312)
(25440, 25344)
(25472, 25376)
(25504, 25408)
(25536, 25440)
(25632, 25536)
(25728, 25632)
(25920, 25824)
(26720, 26624)
(26784, 26688)
(26976, 26880)
(27168, 27072)
(27232, 27136)
(27424, 27328)
(27488, 27392)
(27552, 27456)
(27584, 27488)
(27648, 27552)
(27680, 27584)
(27744, 27648)
(27776, 27680)
(27840, 27744)
(27872, 27776)
(27904, 27808)
(27936, 27840)
(28128, 28032)
(28160, 28063)
(28192, 28096)
(28224, 28128)
(28256, 28160)
(28288, 28192)
(28352, 28256)
(28448, 28352)
(28480, 28383)
(28512, 28416)
(28544, 28448)
(28576, 28480)
(28608, 28512)
(28704, 28608)
(28736, 28639)
(28832, 28736)
(28864, 28767)
(28896, 28800)
(28928, 28832)
(28960, 28864)
(28992, 28896)
(29120, 29024)
(29152, 29056)
(29248, 29152)
(29280, 29184)
(29344, 29248)
(29472, 29376)
(29824, 29728)
(29856, 29760)
(29888, 29792)
(29920, 29824)
(30144, 30048)
(30240, 30144)
(30272, 30176)
(30304, 30208)
(30336, 30240)
(30368, 30272)
(30400, 30304)
(30496, 30400)
(30592, 30496)
(30624, 30528)
(30688, 30592)
(30784, 30688)
(30912, 30816)
(30944, 30848)
(31104, 31008)
(31136, 31039)
(31168, 31072)
(31232, 31136)
(31328, 31232)
(31392, 31296)
(31424, 31328)
(31488, 31392)
(31584, 31488)
(31616, 31519)
(31648, 31552)
(31744, 31648)
(31776, 31679)
(31808, 31712)
(31840, 31744)
(31936, 31840)
(31968, 31871)
(32000, 31904)
(32128, 32032)
(32160, 32063)
(32256, 32160)
(32320, 32224)
(32352, 32256)
(32384, 32288)
(32480, 32384)
(32512, 32416)
(32544, 32448)
(32576, 32480)
(32608, 32512)
(32640, 32544)
(32672, 32576)
(32768, 32672)
(32800, 32703)
(32832, 32736)
(32864, 32768)
(32896, 32800)
(32928, 32832)
(32960, 32864)
(32992, 32896)
(33024, 32928)
(33088, 32992)
(33120, 33024)
(33152, 33056)
(33184, 33088)
(33216, 33120)
(33280, 33184)
(33312, 33216)
(33344, 33248)
(33376, 33280)
(33408, 33312)
(33440, 33344)
(33472, 33376)
(33504, 33408)
(33600, 33504)
(33632, 33535)
(33664, 33568)
(33696, 33600)
(33728, 33632)
(33760, 33664)
(33792, 33696)
(33856, 33760)
(33888, 33792)
(33920, 33824)
(33984, 33888)
(34016, 33920)
(34048, 33952)
(34080, 33984)
(34144, 34048)
(34176, 34080)
(34208, 34112)
(34240, 34144)
(34272, 34176)
(34304, 34208)
(34336, 34240)
(34368, 34272)
(34400, 34304)
(34432, 34336)
(34496, 34400)
(34528, 34432)
(34592, 34496)
(34624, 34528)
(34656, 34560)
(34688, 34592)
(34720, 34624)
(34752, 34656)
(34784, 34688)
(34816, 34720)
(34912, 34816)
(34944, 34847)
(34976, 34880)
(35008, 34912)
(35040, 34944)
(35072, 34976)
(35104, 35008)
(35136, 35040)
(35168, 35072)
(35200, 35104)
(35232, 35136)
(35296, 35200)
(35392, 35296)
(35424, 35327)
(35488, 35392)
(35520, 35424)
(35552, 35456)
(35648, 35552)
(35680, 35584)
(35712, 35616)
(35744, 35648)
(35776, 35680)
(35968, 35872)
(36000, 35904)
(36032, 35936)
(36064, 35968)
(36096, 36000)
(36128, 36032)
(36160, 36064)
(36192, 36096)
(36288, 36192)
(36320, 36223)
(36352, 36256)
(36384, 36288)
(36416, 36320)
(36448, 36352)
(36480, 36384)
(36512, 36416)
(36544, 36448)
(36576, 36480)
(36640, 36544)
(36672, 36576)
(36704, 36608)
(36736, 36640)
(36768, 36672)
(36800, 36704)
(36864, 36768)
(36896, 36800)
(36928, 36832)
(36960, 36864)
(36992, 36896)
(37088, 36992)
(37120, 37024)
(37152, 37056)
(37184, 37088)
(37216, 37120)
(37248, 37152)
(37280, 37184)
(37312, 37216)
(37344, 37248)
(37376, 37280)
(37408, 37312)
(37440, 37344)
(37472, 37376)
(37504, 37408)
(37536, 37440)
(37568, 37472)
(37600, 37504)
(37632, 37536)
(37664, 37568)
(37696, 37600)
(37728, 37632)
(37760, 37664)
(37792, 37696)
(37824, 37728)
(37856, 37760)
(37888, 37792)
(37920, 37824)
(37952, 37856)
(37984, 37888)
(38016, 37920)
(38048, 37952)
(38080, 37984)
(38112, 38016)
(38144, 38048)
(38496, 38400)
(38528, 38432)
(38560, 38464)
(38592, 38496)
(38624, 38528)
(38656, 38560)
(38688, 38592)
(38784, 38688)
(38816, 38719)
(38848, 38752)
(39008, 38912)
(39040, 38943)
(39072, 38976)
(39136, 39040)
(39232, 39136)
(39264, 39167)
(39296, 39200)
(39328, 39232)
(39360, 39264)
(39392, 39296)
(39424, 39328)
(39456, 39360)
(39488, 39392)
(39520, 39424)
(39552, 39456)
(39584, 39488)
(39680, 39584)
(39744, 39648)
(39776, 39680)
(39808, 39712)
(39840, 39744)
(39872, 39776)
(39904, 39808)
(39936, 39840)
(39968, 39872)
(40000, 39904)
(40032, 39936)
(40064, 39968)
(40096, 40000)
(40128, 40032)
(40160, 40064)
(40192, 40096)
(40224, 40128)
(40256, 40160)
(40352, 40256)
(40384, 40287)
(40448, 40352)
(40480, 40384)
(40512, 40416)
(40544, 40448)
(40576, 40480)
(40608, 40512)
(40640, 40544)
(40672, 40576)
(40800, 40703)
(40832, 40736)
(40864, 40768)
(40896, 40800)
(40928, 40832)
(40960, 40864)
(40992, 40896)
(41024, 40928)
(41120, 41024)
(41152, 41055)
(41184, 41088)
(41216, 41120)
(41248, 41152)
(41280, 41184)
(41312, 41216)
(41344, 41248)
(41376, 41280)
(41408, 41312)
(41472, 41376)
(41504, 41408)
(41536, 41440)
(41568, 41472)
(41600, 41504)
(41632, 41536)
(41696, 41600)
(41728, 41632)
(41760, 41664)
(41792, 41696)
(41824, 41728)
(41856, 41760)
(41888, 41792)
(41984, 41888)
(42016, 41919)
(42048, 41952)
(42112, 42016)
(42144, 42048)
(42176, 42080)
(42208, 42112)
(42240, 42144)
(42272, 42176)
(42304, 42208)
(42336, 42240)
(42368, 42272)
(42400, 42304)
(42432, 42336)
(42464, 42368)
(42560, 42464)
(42592, 42494)
(42656, 42560)
(42688, 42592)
(42720, 42624)
(42848, 42751)
(42880, 42784)
(42912, 42816)
(42944, 42848)
(42976, 42880)
(43008, 42912)
(43040, 42944)
(43072, 42976)
(43104, 43008)
(43136, 43040)
(43168, 43072)
(43200, 43104)
(43232, 43136)
(43328, 43232)
(43360, 43263)
(43392, 43296)
(43552, 43456)
(43584, 43487)
(43680, 43584)
(43712, 43616)
(43744, 43648)
(43776, 43680)
(43808, 43712)
(43840, 43744)
(43872, 43776)
(43904, 43808)
(43936, 43840)
(43968, 43872)
(44000, 43904)
(44032, 43936)
(44480, 44384)
(44512, 44416)
(44544, 44448)
(44576, 44480)
(44800, 44704)
(44896, 44800)
(44928, 44831)
(44960, 44864)
(44992, 44896)
(45024, 44928)
(45120, 45024)
(45152, 45055)
(45248, 45152)
(45280, 45183)
(45312, 45216)
(45408, 45312)
(45440, 45344)
(45504, 45408)
(45536, 45440)
(45568, 45472)
(45600, 45504)
(45632, 45536)
(45696, 45600)
(45824, 45728)
(45856, 45758)
(45888, 45792)
(45920, 45824)
(45952, 45856)
(46048, 45952)
(46080, 45983)
(46112, 46016)
(46176, 46080)
(46464, 46368)
(46496, 46400)
(46528, 46432)
(46656, 46560)
(46688, 46591)
(46720, 46624)
(46752, 46656)
(46784, 46688)
(46880, 46784)
(47008, 46912)
(47040, 46943)
(47072, 46976)
(47104, 47008)
(47168, 47072)
(47200, 47104)
(47232, 47136)
(47264, 47168)
(47296, 47200)
(47328, 47232)
(47392, 47296)
(47424, 47328)
(47456, 47360)
(47488, 47392)
(47520, 47424)
(47648, 47552)
(47680, 47584)
(47712, 47616)
(47744, 47648)
(47776, 47680)
(47808, 47712)
(47872, 47776)
(47904, 47808)
(47936, 47840)
(47968, 47872)
(48000, 47904)
(48032, 47936)
(48064, 47968)
(48096, 48000)
(48128, 48032)
(48160, 48064)
(48288, 48191)
(48320, 48223)
(48352, 48256)
(48384, 48288)
(48416, 48320)
(48448, 48352)
(48480, 48384)
(48512, 48416)
(48544, 48448)
(48576, 48480)
(48608, 48512)
(48640, 48544)
(48672, 48576)
(48768, 48672)
(48800, 48704)
(48832, 48736)
(48864, 48768)
(48896, 48800)
(48992, 48896)
(49088, 48992)
(49184, 49088)
(49376, 49280)
(49440, 49344)
(49472, 49376)
(49504, 49408)
(49536, 49440)
(49568, 49472)
(49632, 49536)
(49664, 49568)
(49760, 49664)
(49792, 49696)
(49824, 49728)
(49856, 49760)
(49888, 49792)
(50016, 49919)
(50048, 49952)
(50080, 49984)
(50112, 50016)
(50144, 50048)
(50176, 50080)
(50208, 50112)
(50240, 50144)
(50272, 50176)
(50304, 50208)
(50336, 50240)
(50368, 50272)
(50400, 50304)
(50432, 50336)
(50496, 50400)
(50528, 50432)
(50624, 50528)
(50656, 50560)
(50688, 50592)
(50720, 50624)
(50816, 50720)
(50848, 50751)
(50880, 50784)
(51008, 50911)
(51040, 50943)
(51072, 50976)
(51104, 51008)
(51136, 51040)
(51168, 51072)
(51200, 51104)
(51232, 51136)
(51264, 51168)
(51296, 51200)
(51328, 51232)
(51808, 51712)
(51840, 51744)
(51904, 51808)
(51936, 51840)
(51968, 51872)
(52000, 51904)
(52064, 51968)
(52192, 52096)
(52256, 52160)
(52288, 52192)
(52416, 52319)
(52448, 52351)
(52480, 52384)
(52512, 52416)
(52544, 52448)
(52576, 52480)
(52640, 52544)
(52704, 52608)
(52736, 52640)
(52768, 52672)
(52800, 52704)
(52864, 52768)
(52896, 52800)
(52928, 52832)
(52960, 52864)
(52992, 52896)
(53376, 53280)
(53408, 53312)
(53440, 53344)
(53472, 53376)
(53504, 53408)
(53536, 53440)
(53568, 53472)
(53600, 53504)
(53632, 53536)
(53664, 53568)
(53696, 53600)
(53728, 53632)
(53760, 53664)
(53856, 53760)
(53888, 53792)
(53920, 53824)
(53952, 53856)
(53984, 53888)
(54080, 53984)
(54144, 54048)
(54176, 54080)
(54208, 54112)
(54240, 54144)
(54304, 54208)
(54336, 54240)
(54432, 54336)
(54496, 54400)
(54528, 54432)
(54624, 54528)
(54656, 54559)
(54688, 54592)
(54720, 54624)
(54752, 54656)
(54784, 54688)
(54976, 54879)
(55040, 54944)
(55072, 54976)
(55136, 55040)
(55168, 55072)
(55232, 55136)
(55296, 55200)
(55328, 55232)
(55424, 55328)
(55488, 55392)
(55520, 55424)
(55552, 55456)
(55584, 55488)
(55648, 55552)
(55680, 55584)
(55744, 55648)
(55776, 55680)
(55808, 55712)
(55840, 55744)
(55872, 55776)
(55904, 55808)
(55936, 55840)
(55968, 55872)
(56000, 55904)
(56064, 55968)
(56128, 56032)
(56192, 56096)
(56224, 56128)
(56256, 56160)
(56288, 56192)
(56320, 56224)
(56352, 56256)
(56384, 56288)
(56448, 56352)
(56480, 56384)
(56576, 56480)
(56704, 56608)
(56736, 56639)
(56864, 56768)
(56896, 56800)
(56928, 56832)
(57088, 56991)
(57120, 57024)
(57280, 57183)
(57344, 57248)
(57376, 57280)
(57632, 57536)
(57696, 57600)
(57728, 57632)
(57792, 57696)
(57824, 57728)
(57856, 57760)
(57952, 57856)
(57984, 57888)
(58016, 57920)
(58112, 58016)
(58144, 58048)
(58240, 58144)
(58272, 58175)
(58304, 58208)
(58336, 58240)
(58368, 58272)
(58400, 58304)
(58464, 58368)
(58592, 58496)
(58624, 58527)
(58656, 58560)
(58688, 58592)
(58720, 58624)
(58752, 58656)
(58784, 58688)
(58944, 58848)
(58976, 58879)
(59008, 58912)
(59040, 58944)
(59072, 58976)
(59168, 59072)
(59232, 59136)
(59264, 59168)
(59296, 59200)
(59360, 59264)
(59392, 59296)
(59424, 59328)
(59456, 59360)
(59488, 59392)
(59552, 59456)
(59584, 59488)
(59616, 59520)
(59648, 59552)
(59680, 59584)
(59712, 59616)
(59744, 59648)
(59776, 59680)
(59808, 59712)
(59840, 59744)
(59872, 59776)
(59904, 59808)
(59936, 59840)
(59968, 59872)
(60000, 59904)
(60032, 59936)
(60096, 60000)
(60128, 60032)
(60224, 60128)
(60288, 60192)
(60320, 60224)
(60352, 60256)
(60384, 60288)
(60416, 60320)
(60576, 60480)
(60608, 60511)
(60640, 60544)
(60672, 60576)
(60704, 60608)
(60736, 60640)
(60800, 60704)
(60896, 60800)
(60928, 60831)
(60960, 60864)
(60992, 60896)
(61024, 60928)
(61088, 60992)
(61120, 61024)
(61152, 61056)
(61184, 61088)
(61280, 61184)
(61312, 61216)
(61344, 61248)
(61376, 61280)
(61408, 61312)
(61440, 61344)
(61472, 61376)
(61504, 61408)
(61536, 61440)
(61568, 61472)
(61600, 61504)
(61632, 61536)
(61664, 61568)
(61792, 61695)
(61824, 61728)
(61888, 61792)
(61920, 61824)
(61952, 61856)
(61984, 61888)
(62016, 61920)
(62048, 61952)
(62080, 61984)
(62112, 62016)
(62144, 62048)
(62176, 62080)
(62304, 62207)
(62336, 62240)
(62368, 62272)
(62400, 62304)
(62432, 62336)
(62464, 62368)
(62496, 62400)
(62528, 62432)
(62560, 62464)
(62592, 62496)
(62624, 62528)
(62688, 62592)
(62720, 62624)
(62752, 62656)
(62784, 62688)
(62816, 62720)
(62880, 62784)
(62912, 62816)
(62944, 62848)
(62976, 62880)
(63072, 62976)
(63104, 63007)
(63136, 63040)
(63168, 63072)
(63200, 63104)
(63264, 63168)
(63296, 63200)
(63328, 63232)
(63360, 63264)
(63392, 63296)
(63424, 63328)
(63456, 63360)
(63488, 63392)
(63520, 63424)
(63552, 63456)
(63584, 63488)
(63616, 63520)
(63648, 63552)
(63680, 63584)
(63712, 63616)
(63776, 63680)
(63840, 63744)
(63904, 63808)
(63936, 63840)
(63968, 63872)
(64000, 63904)
